669,1341,-2010
658,1349,-2008
643,1362,-2005
635,1368,-2003
624,1376,-2001
609,1388,-1997
590,1402,-1993
582,1408,-1991
567,1420,-1987
556,1428,-1985
548,1434,-1983
532,1446,-1978
521,1454,-1976
514,1459,-1973
498,1471,-1969
487,1479,-1966
471,1490,-1961
452,1503,-1956
444,1509,-1953
428,1520,-1948
417,1527,-1945
401,1538,-1939
382,1551,-1933
374,1556,-1930
366,1561,-1928
347,1574,-1921
339,1579,-1918
311,1596,-1908
303,1602,-1905
295,1607,-1902
276,1619,-1895
268,1624,-1892
241,1640,-1881
233,1645,-1878
216,1655,-1872
205,1661,-1867
197,1666,-1864
170,1682,-1852
161,1687,-1849
134,1702,-1836
126,1707,-1833
118,1711,-1829
98,1722,-1820
82,1730,-1813
62,1741,-1804
54,1745,-1800
27,1759,-1787
19,1764,-1783
10,1768,-1779
-8,1777,-1769
-24,1785,-1761
-44,1795,-1751
-60,1803,-1742
-80,1812,-1732
-88,1816,-1727
-115,1828,-1712
-123,1832,-1708
-140,1839,-1699
-151,1844,-1693
-167,1851,-1683
-187,1859,-1672
-203,1866,-1663
-222,1874,-1651
-238,1880,-1642
-258,1888,-1630
-274,1894,-1620
-293,1902,-1608
-309,1908,-1598
-328,1915,-1586
-344,1920,-1575
-364,1927,-1563
-380,1932,-1552
-399,1939,-1539
-415,1944,-1529
-434,1950,-1516
-442,1952,-1510
-469,1961,-1491
-477,1963,-1486
-503,1971,-1467
-511,1973,-1461
-538,1980,-1442
-546,1982,-1436
-561,1986,-1424
-572,1989,-1416
-588,1993,-1404
-607,1997,-1390
-622,2000,-1378
-641,2005,-1363
-656,2008,-1351
-674,2012,-1337
-682,2013,-1330
-697,2016,-1318
-708,2018,-1309
-723,2021,-1297
-742,2024,-1282
-749,2025,-1275
-764,2027,-1262
-775,2029,-1254
-790,2031,-1241
-808,2033,-1225
-815,2034,-1219
-830,2036,-1205
-840,2037,-1196
-848,2038,-1190
-863,2039,-1176
-873,2040,-1167
-888,2042,-1154
-905,2043,-1138
-912,2044,-1131
-920,2044,-1124
-934,2045,-1110
-937,2045,-1108
-959,2046,-1087
-969,2047,-1077
-976,2047,-1070
-983,2047,-1064
-1000,2047,-1047
-1007,2047,-1040
-1014,2047,-1033
-1031,2047,-1016
-1038,2047,-1009
-1045,2047,-1002
-1062,2047,-985
-1069,2047,-978
-1076,2047,-970
-1083,2046,-963
-1092,2046,-953
-1106,2045,-939
-1122,2044,-921
-1129,2044,-914
-1136,2043,-907
-1143,2043,-900
-1152,2042,-889
-1165,2041,-875
-1172,2040,-867
-1181,2039,-857
-1188,2038,-850
-1201,2037,-835
-1210,2035,-825
-1217,2034,-817
-1223,2034,-810
-1239,2031,-792
-1245,2030,-784
-1252,2029,-777
-1258,2028,-769
-1267,2026,-759
-1280,2024,-743
-1286,2023,-736
-1295,2021,-725
-1308,2018,-710
-1314,2017,-702
-1323,2015,-692
-1329,2013,-684
-1341,2010,-669
-1350,2008,-658
-1356,2007,-650
-1362,2005,-643
-1376,2001,-624
-1382,1999,-616
-1388,1997,-608
-1403,1993,-590
-1409,1991,-582
-1414,1989,-574
-1420,1987,-566
-1428,1985,-556
-1440,1980,-540
-1446,1978,-532
-1454,1975,-521
-1465,1971,-505
-1471,1969,-497
-1479,1966,-486
-1490,1961,-471
-1496,1959,-463
-1503,1955,-452
-1514,1951,-436
-1520,1948,-428
-1527,1945,-417
-1533,1942,-409
-1544,1937,-393
-1551,1933,-382
-1561,1928,-366
-1574,1921,-346
-1579,1918,-338
-1584,1915,-330
-1597,1908,-311
-1602,1905,-303
-1607,1902,-295
-1619,1895,-276
-1624,1892,-268
-1629,1889,-260
-1640,1881,-240
-1645,1878,-232
-1655,1871,-216
-1662,1867,-205
-1671,1860,-189
-1682,1852,-169
-1687,1848,-161
-1696,1841,-145
-1702,1836,-134
-1711,1829,-117
-1722,1820,-98
-1726,1816,-90
-1731,1813,-82
-1741,1804,-62
-1745,1800,-54
-1760,1786,-26
-1764,1782,-18
-1778,1769,8
-1782,1765,17
-1786,1760,25
-1795,1750,44
-1803,1742,60
-1812,1732,80
-1816,1727,88
-1828,1712,116
-1832,1708,124
-1839,1699,140
-1844,1692,151
-1851,1683,167
-1859,1672,187
-1866,1663,203
-1874,1651,222
-1877,1646,231
-1888,1630,258
-1891,1625,266
-1897,1615,282
-1902,1608,293
-1911,1593,318
-1915,1585,329
-1920,1575,345
-1927,1563,364
-1930,1557,372
-1939,1539,399
-1941,1534,407
-1950,1515,434
-1952,1510,442
-1957,1499,458
-1961,1491,469
-1965,1480,485
-1971,1466,504
-1973,1461,512
-1980,1441,538
-1982,1436,546
-1984,1430,554
-1989,1416,573
-1991,1410,580
-1994,1398,596
-1997,1390,607
-2001,1378,622
-2005,1363,641
-2006,1357,649
-2009,1345,664
-2012,1336,675
-2015,1324,690
-2018,1309,708
-2019,1303,716
-2022,1290,731
-2024,1281,742
-2026,1269,757
-2029,1253,775
-2030,1247,783
-2031,1243,787
-2033,1225,808
-2034,1218,815
-2035,1212,823
-2037,1196,841
-2038,1189,848
-2039,1183,856
-2040,1167,873
-2041,1160,881
-2042,1147,895
-2043,1137,905
-2044,1130,913
-2045,1117,927
-2045,1107,937
-2046,1100,945
-2046,1087,959
-2047,1077,969
-2047,1070,976
-2047,1056,990
-2047,1047,1000
-2047,1040,1007
-2047,1033,1014
-2047,1016,1031
-2047,1009,1038
-2047,1001,1045
-2047,984,1062
-2047,987,1059
-2047,977,1069
-2046,963,1083
-2046,953,1092
-2045,939,1106
-2045,931,1113
-2044,921,1123
-2044,914,1129
-2043,899,1143
-2042,889,1152
-2041,882,1159
-2040,867,1172
-2039,857,1182
-2038,849,1188
-2037,835,1201
-2035,824,1211
-2034,817,1217
-2033,809,1224
-2031,791,1239
-2030,784,1246
-2028,769,1259
-2026,758,1268
-2025,751,1274
-2024,743,1280
-2021,728,1293
-2021,725,1295
-2018,710,1308
-2015,691,1323
-2013,684,1329
-2010,668,1341
-2008,658,1350
-2007,650,1356
-2005,642,1362
-2001,624,1377
-1999,616,1383
-1997,608,1389
-1993,590,1403
-1991,582,1409
-1987,566,1421
-1984,555,1429
-1980,540,1440
-1978,532,1446
-1975,521,1454
-1971,505,1466
-1966,486,1479
-1963,478,1485
-1961,470,1490
-1955,451,1504
-1953,443,1509
-1948,427,1520
-1944,416,1528
-1942,408,1533
-1937,392,1544
-1933,381,1551
-1927,365,1562
-1921,346,1574
-1918,338,1579
-1912,322,1590
-1908,311,1597
-1902,295,1607
-1895,275,1619
-1892,267,1624
-1889,259,1629
-1881,240,1641
-1875,224,1650
-1867,204,1662
-1863,196,1666
-1852,169,1682
-1848,161,1687
-1845,153,1692
-1836,133,1702
-1833,125,1707
-1820,98,1722
-1816,89,1726
-1803,62,1741
-1800,54,1745
-1796,45,1750
-1786,26,1760
-1778,10,1768
-1768,-9,1778
-1764,-17,1782
-1750,-44,1795
-1746,-53,1799
-1731,-80,1812
-1727,-88,1816
-1712,-116,1828
-1708,-124,1832
-1703,-132,1836
-1692,-152,1844
-1683,-168,1851
-1672,-187,1860
-1662,-203,1866
-1651,-223,1874
-1641,-239,1881
-1630,-258,1888
-1620,-274,1895
-1608,-294,1902
-1597,-310,1908
-1585,-329,1915
-1575,-345,1920
-1562,-364,1927
-1552,-380,1933
-1539,-399,1939
-1528,-415,1944
-1515,-434,1950
-1504,-450,1955
-1491,-469,1961
-1480,-485,1965
-1466,-504,1971
-1455,-520,1975
-1441,-539,1980
-1429,-554,1984
-1415,-573,1989
-1404,-589,1993
-1389,-607,1997
-1383,-615,1999
-1371,-630,2002
-1363,-641,2005
-1345,-664,2009
-1336,-675,2012
-1324,-690,2015
-1309,-709,2018
-1302,-716,2019
-1281,-742,2024
-1275,-750,2025
-1268,-757,2026
-1253,-775,2029
-1247,-783,2030
-1225,-808,2033
-1218,-816,2034
-1211,-823,2035
-1196,-841,2037
-1189,-848,2038
-1182,-856,2039
-1167,-873,2041
-1153,-888,2042
-1146,-896,2042
-1137,-906,2043
-1123,-920,2044
-1107,-938,2045
-1100,-945,2046
-1093,-952,2046
-1077,-969,2047
-1070,-976,2047
-1063,-984,2047
-1046,-1001,2047
-1039,-1008,2047
-1025,-1022,2047
-1015,-1032,2047
-1008,-1039,2047
-1001,-1046,2047
-984,-1062,2047
-977,-1069,2047
-970,-1076,2047
-953,-1093,2046
-945,-1100,2046
-938,-1106,2045
-921,-1123,2044
-914,-1130,2044
-906,-1136,2043
-889,-1153,2042
-881,-1159,2041
-874,-1166,2041
-867,-1173,2040
-856,-1182,2039
-842,-1195,2037
-824,-1211,2035
-827,-1208,2036
-816,-1217,2034
-801,-1231,2032
-791,-1240,2031
-784,-1246,2030
-768,-1259,2028
-758,-1268,2026
-750,-1274,2025
-735,-1287,2023
-725,-1296,2021
-717,-1302,2019
-709,-1308,2018
-691,-1323,2015
-683,-1329,2013
-676,-1336,2012
-657,-1350,2008
-650,-1356,2006
-642,-1362,2005
-623,-1377,2001
-616,-1383,1999
-608,-1389,1997
-589,-1403,1993
-581,-1409,1991
-574,-1415,1989
-555,-1429,1984
-547,-1435,1982
-539,-1441,1980
-520,-1454,1975
-513,-1460,1973
-497,-1471,1969
-486,-1479,1966
-478,-1485,1963
-470,-1490,1961
-451,-1504,1955
-443,-1509,1953
-427,-1520,1948
-416,-1528,1944
-408,-1533,1942
-392,-1544,1937
-381,-1551,1933
-373,-1557,1930
-349,-1572,1922
-346,-1574,1921
-330,-1585,1915
-310,-1597,1908
-302,-1602,1905
-286,-1612,1899
-275,-1619,1895
-267,-1624,1892
-240,-1641,1881
-232,-1646,1878
-215,-1655,1871
-204,-1662,1867
-188,-1671,1860
-169,-1683,1852
-160,-1687,1848
-144,-1696,1841
-133,-1703,1836
-117,-1712,1829
-97,-1722,1820
-89,-1727,1816
-73,-1735,1809
-61,-1741,1803
-37,-1754,1792
-26,-1760,1786
-9,-1768,1778
9,-1778,1768
17,-1782,1764
33,-1790,1756
45,-1795,1750
61,-1803,1742
81,-1812,1731
97,-1820,1722
116,-1829,1712
124,-1832,1707
152,-1844,1692
168,-1851,1683
188,-1860,1672
196,-1863,1667
204,-1866,1662
223,-1874,1651
247,-1884,1636
259,-1888,1629
275,-1895,1619
294,-1902,1607
310,-1908,1597
329,-1915,1585
337,-1918,1580
365,-1927,1562
373,-1930,1557
400,-1939,1539
408,-1942,1533
416,-1944,1528
435,-1950,1515
451,-1955,1504
470,-1961,1491
485,-1965,1480
504,-1971,1466
512,-1973,1460
528,-1977,1449
539,-1980,1441
555,-1984,1429
573,-1989,1415
581,-1991,1409
597,-1995,1397
607,-1997,1389
623,-2001,1377
642,-2005,1363
649,-2006,1357
665,-2010,1344
675,-2012,1336
691,-2015,1323
709,-2018,1309
717,-2019,1302
732,-2022,1290
742,-2024,1281
750,-2025,1274
765,-2027,1262
776,-2029,1253
783,-2030,1246
798,-2032,1233
809,-2033,1224
816,-2034,1218
841,-2037,1195
849,-2038,1189
856,-2039,1182
871,-2040,1169
874,-2041,1166
889,-2042,1153
906,-2043,1137
913,-2044,1130
921,-2044,1123
938,-2045,1107
945,-2046,1100
960,-2046,1086
967,-2046,1079
970,-2047,1077
984,-2047,1063
1001,-2047,1046
1008,-2047,1039
1015,-2047,1032
1022,-2047,1025
1032,-2047,1015
1046,-2047,1001
1063,-2047,984
1070,-2047,977
1077,-2047,970
1083,-2046,962
1093,-2046,952
1100,-2046,945
1114,-2045,931
1123,-2044,921
1137,-2043,906
1143,-2043,899
1153,-2042,889
1160,-2041,881
1173,-2040,866
1182,-2039,856
1189,-2038,849
1202,-2036,834
1211,-2035,824
1218,-2034,816
1231,-2032,801
1240,-2031,791
1246,-2030,783
1259,-2028,768
1268,-2026,758
1281,-2024,742
1287,-2023,735
1296,-2021,724
1302,-2019,717
1315,-2017,701
1323,-2015,691
1330,-2013,683
1350,-2008,657
1357,-2006,649
1363,-2005,642
1377,-2001,623
1383,-1999,615
1389,-1997,608
1403,-1993,589
1409,-1991,581
1421,-1987,565
1429,-1984,555
1435,-1982,547
1447,-1978,531
1455,-1975,520
1466,-1971,504
1480,-1965,485
1485,-1963,478
1491,-1961,470
1504,-1955,451
1510,-1953,443
1520,-1948,427
1528,-1944,416
1539,-1939,400
1552,-1933,381
1557,-1930,373
1567,-1924,357
1575,-1921,345
1585,-1915,329
1597,-1908,310
1602,-1905,302
1612,-1899,286
1619,-1895,275
1629,-1888,259
1641,-1881,239
1651,-1874,223
1662,-1866,204
1667,-1863,196
1676,-1856,179
1683,-1851,168
1692,-1844,152
1703,-1836,133
1712,-1829,116
1722,-1820,97
1727,-1816,89
1736,-1808,72
1742,-1803,61
1760,-1786,25
1764,-1782,17
1768,-1778,9
1778,-1768,-9
1786,-1760,-26
1795,-1750,-45
1803,-1741,-61
1812,-1731,-81
1820,-1722,-97
1829,-1712,-117
1836,-1703,-133
1845,-1692,-152
1852,-1683,-168
1860,-1671,-188
1867,-1662,-204
1874,-1651,-223
1881,-1641,-240
1889,-1629,-259
1898,-1614,-283
1902,-1607,-294
1908,-1597,-310
1915,-1585,-330
1927,-1562,-365
1930,-1557,-373
1935,-1546,-389
1939,-1539,-400
1950,-1515,-435
1953,-1509,-443
1961,-1490,-470
1963,-1485,-478
1968,-1474,-494
1971,-1466,-505
1980,-1441,-539
1982,-1435,-547
1986,-1423,-563
1989,-1415,-574
1993,-1403,-589
1997,-1389,-608
2001,-1377,-623
2005,-1362,-642
2008,-1350,-657
2012,-1336,-676
2013,-1329,-683
2018,-1308,-709
2019,-1302,-717
2024,-1281,-743
2025,-1274,-750
2026,-1268,-758
2029,-1252,-776
2030,-1246,-784
2033,-1224,-809
2034,-1217,-816
2036,-1204,-831
2037,-1195,-842
2038,-1189,-849
2040,-1175,-864
2041,-1166,-874
2042,-1153,-889
2043,-1136,-906
2044,-1130,-914
2044,-1123,-921
2045,-1106,-938
2046,-1100,-945
2047,-1076,-970
2047,-1072,-974
2047,-1069,-977
2047,-1048,-998
2047,-1046,-1001
2047,-1032,-1015
2047,-1015,-1032
2047,-1008,-1039
2047,-1001,-1046
2047,-993,-1053
2047,-984,-1063
2047,-969,-1077
2046,-962,-1084
2046,-952,-1093
2045,-938,-1107
2045,-930,-1114
2044,-920,-1123
2043,-906,-1137
2042,-888,-1153
2041,-881,-1160
2041,-874,-1166
2039,-856,-1182
2038,-848,-1189
2037,-841,-1196
2035,-823,-1211
2034,-816,-1218
2033,-808,-1225
2031,-790,-1240
2030,-783,-1247
2029,-775,-1253
2026,-757,-1268
2025,-750,-1275
2022,-735,-1287
2021,-724,-1296
2019,-716,-1302
2018,-709,-1309
2015,-690,-1324
2013,-683,-1330
2010,-667,-1342
2008,-657,-1351
2006,-649,-1357
2003,-633,-1369
2001,-623,-1377
1999,-615,-1383
1993,-589,-1404
1991,-581,-1410
1989,-573,-1415
1984,-554,-1429
1982,-546,-1435
1980,-539,-1441
1975,-520,-1455
1973,-512,-1461
1968,-496,-1472
1965,-485,-1480
1963,-477,-1485
1958,-461,-1497
1955,-450,-1504
1950,-434,-1515
1944,-415,-1528
1942,-407,-1534
1936,-391,-1544
1933,-380,-1552
1930,-372,-1557
1924,-356,-1568
1920,-345,-1575
1915,-329,-1585
1908,-310,-1597
1905,-302,-1603
1895,-274,-1620
1891,-266,-1625
1888,-258,-1630
1881,-239,-1641
1877,-231,-1646
1866,-203,-1662
1863,-195,-1667
1856,-179,-1676
1851,-168,-1683
1844,-152,-1692
1836,-132,-1703
1832,-124,-1708
1820,-96,-1723
1816,-88,-1727
1808,-72,-1736
1803,-61,-1742
1791,-36,-1754
1786,-25,-1760
1778,-9,-1768
1768,10,-1778
1760,26,-1786
1750,45,-1796
1741,62,-1803
1731,81,-1813
1722,97,-1820
1711,117,-1829
1707,125,-1833
1692,153,-1845
1682,169,-1852
1671,188,-1860
1662,204,-1867
1650,224,-1875
1641,240,-1881
1629,259,-1889
1619,275,-1895
1607,295,-1902
1602,303,-1905
1585,330,-1915
1574,346,-1921
1562,365,-1927
1551,381,-1933
1538,400,-1939
1528,416,-1944
1515,435,-1950
1504,451,-1955
1490,470,-1961
1485,478,-1963
1466,505,-1971
1460,513,-1973
1440,540,-1980
1435,547,-1982
1415,574,-1989
1409,582,-1991
1403,590,-1993
1389,608,-1997
1377,624,-2001
1362,642,-2005
1350,658,-2008
1335,676,-2012
1329,684,-2013
1317,699,-2016
1308,710,-2018
1295,725,-2021
1280,743,-2024
1274,751,-2025
1261,766,-2027
1252,776,-2029
1239,791,-2031
1233,799,-2032
1224,809,-2033
1211,824,-2035
1195,842,-2037
1188,849,-2038
1182,857,-2039
1166,874,-2041
1159,882,-2041
1146,896,-2042
1136,907,-2043
1123,921,-2044
1106,939,-2045
1099,946,-2046
1092,953,-2046
1086,960,-2046
1076,970,-2047
1062,984,-2047
1045,1001,-2047
1038,1009,-2047
1024,1023,-2047
1014,1032,-2047
1007,1040,-2047
993,1054,-2047
983,1063,-2047
976,1070,-2047
965,1081,-2046
952,1094,-2046
945,1100,-2046
930,1114,-2045
920,1124,-2044
905,1137,-2043
898,1144,-2043
888,1153,-2042
881,1160,-2041
866,1173,-2040
856,1183,-2039
841,1196,-2037
823,1212,-2035
815,1218,-2034
808,1225,-2033
790,1240,-2031
783,1247,-2030
775,1253,-2029
757,1269,-2026
749,1275,-2025
734,1288,-2022
724,1296,-2021
716,1303,-2019
701,1315,-2017
690,1324,-2015
675,1336,-2012
656,1351,-2008
649,1357,-2006
641,1363,-2005
622,1378,-2001
615,1384,-1999
599,1396,-1995
588,1404,-1993
573,1416,-1989
554,1430,-1984
546,1435,-1982
530,1447,-1978
519,1455,-1975
504,1466,-1971
485,1480,-1965
477,1486,-1963
461,1497,-1958
450,1504,-1955
434,1515,-1950
415,1528,-1944
407,1534,-1941
380,1552,-1932
372,1557,-1930
364,1563,-1927
345,1575,-1920
329,1585,-1915
309,1598,-1908
301,1603,-1905
274,1620,-1894
266,1625,-1891
250,1635,-1885
239,1641,-1881
222,1651,-1874
203,1663,-1866
195,1667,-1863
167,1683,-1851
159,1688,-1848
132,1703,-1836
124,1708,-1832
96,1723,-1819
88,1727,-1816
60,1742,-1803
52,1746,-1799
36,1755,-1791
25,1760,-1786
8,1769,-1778
-10,1778,-1768
-26,1786,-1760
-46,1796,-1750
-62,1804,-1741
-82,1813,-1731
-90,1816,-1726
-117,1829,-1711
-134,1836,-1702
-153,1845,-1691
-169,1852,-1682
-189,1860,-1671
-205,1867,-1662
-224,1875,-1650
-248,1884,-1636
-260,1889,-1629
-295,1902,-1607
-303,1905,-1602
-330,1915,-1584
-338,1918,-1579
-366,1928,-1562
-374,1930,-1556
-401,1939,-1538
-417,1945,-1527
-436,1951,-1514
-452,1955,-1503
-471,1961,-1490
-486,1966,-1479
-505,1971,-1465
-521,1975,-1454
-540,1980,-1440
-563,1987,-1423
-574,1989,-1414
-608,1997,-1388
-616,1999,-1382
-632,2003,-1370
-643,2005,-1362
-666,2010,-1344
-676,2012,-1335
-692,2015,-1323
-710,2018,-1308
-725,2021,-1295
-743,2024,-1280
-759,2026,-1267
-777,2029,-1252
-784,2030,-1245
-799,2032,-1233
-810,2034,-1223
-824,2035,-1210
-842,2037,-1195
-850,2038,-1188
-875,2041,-1165
-882,2041,-1159
-897,2042,-1145
-907,2043,-1136
-921,2044,-1122
-939,2045,-1106
-946,2046,-1099
-953,2046,-1092
-970,2047,-1076
-985,2047,-1062
-992,2047,-1055
-1002,2047,-1045
-1016,2047,-1031
-1030,2047,-1017
-1033,2047,-1014
-1047,2047,-1000
-1063,2047,-983
-1070,2047,-976
-1084,2046,-961
-1094,2046,-951
-1108,2045,-937
-1114,2045,-930
-1124,2044,-920
-1138,2043,-905
-1154,2042,-888
-1160,2041,-880
-1167,2040,-873
-1183,2039,-855
-1190,2038,-848
-1203,2036,-833
-1212,2035,-823
-1219,2034,-815
-1232,2032,-800
-1241,2031,-790
-1247,2030,-782
-1260,2028,-767
-1269,2026,-757
-1275,2025,-749
-1297,2021,-723
-1303,2019,-716
-1309,2018,-708
-1324,2014,-690
-1330,2013,-682
-1343,2010,-667
-1351,2008,-656
-1357,2006,-648
-1363,2005,-641
-1378,2000,-622
-1384,1999,-614
-1396,1995,-599
-1404,1993,-588
-1416,1989,-572
-1430,1984,-554
-1436,1982,-546
-1442,1980,-538
-1455,1975,-519
-1461,1973,-511
-1467,1971,-503
-1480,1965,-484
-1486,1963,-477
-1497,1958,-461
-1505,1955,-450
-1516,1950,-434
-1521,1947,-426
-1529,1944,-415
-1539,1939,-399
-1552,1932,-380
-1558,1930,-372
-1575,1920,-344
-1581,1917,-336
-1586,1915,-328
-1598,1908,-309
-1603,1905,-301
-1613,1899,-285
-1620,1894,-274
-1630,1888,-258
-1642,1880,-238
-1646,1877,-230
-1656,1871,-214
-1663,1866,-203
-1672,1859,-187
-1683,1851,-167
-1693,1844,-151
-1703,1835,-131
-1708,1832,-123
-1723,1819,-96
-1727,1816,-88
-1736,1808,-71
-1742,1803,-60
-1755,1791,-36
-1761,1785,-24
-1769,1777,-8
-1779,1768,10
-1787,1759,27
-1796,1749,46
-1804,1741,62
-1813,1730,82
-1817,1726,90
-1829,1711,118
-1836,1702,134
-1845,1691,153
-1852,1682,170
-1860,1671,189
-1864,1666,197
-1875,1650,224
-1881,1640,241
-1889,1628,260
-1892,1624,268
-1902,1607,295
-1908,1596,311
-1915,1584,331
-1921,1574,347
-1928,1561,366
-1933,1551,382
-1939,1538,401
-1945,1527,417
-1951,1514,436
-1956,1503,452
-1961,1490,471
-1966,1479,487
-1971,1465,506
-1976,1454,521
-1981,1440,540
-1983,1434,548
-1989,1414,575
-1991,1408,582
-1997,1388,609
-1999,1382,617
-2003,1370,632
-2005,1362,643
-2010,1343,666
-2012,1335,677
-2015,1322,692
-2018,1307,710
-2021,1295,726
-2024,1282,741
-2024,1280,744
-2028,1261,766
-2029,1252,777
-2031,1239,792
-2034,1223,810
-2034,1217,817
-2036,1204,832
-2037,1194,843
-2039,1181,857
-2041,1165,875
-2041,1158,882
-2042,1145,897
-2043,1136,907
-2044,1122,922
-2045,1106,939
-2046,1099,946
-2046,1085,961
-2047,1075,971
-2047,1061,985
-2047,1055,992
-2047,1045,1002
-2047,1031,1016
-2047,1014,1033
-2047,1007,1040
-2047,1000,1047
-2047,983,1064
-2047,976,1071
-2047,968,1078
-2046,951,1094
-2045,944,1101
-2045,937,1108
-2044,919,1124
-2043,905,1138
-2043,897,1145
-2042,887,1154
-2040,873,1167
-2039,855,1183
-2038,848,1190
-2036,833,1203
-2035,822,1212
-2034,815,1219
-2032,800,1232
-2031,789,1241
-2029,774,1254
-2026,759,1267
-2026,756,1269
-2024,741,1282
-2021,723,1297
-2019,715,1303
-2016,700,1316
-2014,689,1324
-2011,674,1337
-2008,656,1351
-2006,648,1358
-2003,633,1370
-2000,622,1378
-1999,614,1384
-1992,588,1404
-1991,580,1410
-1987,564,1422
-1984,553,1430
-1980,538,1442
-1975,519,1456
-1973,511,1461
-1968,495,1473
-1965,484,1480
-1960,468,1492
-1955,449,1505
-1952,441,1510
-1947,425,1521
-1944,414,1529
-1936,390,1545
-1932,379,1552
-1927,363,1563
-1920,344,1576
-1917,336,1581
-1912,320,1591
-1907,309,1598
-1901,293,1608
-1894,273,1620
-1888,257,1630
-1880,238,1642
-1874,222,1652
-1866,202,1663
-1862,194,1668
-1851,167,1684
-1847,159,1688
-1835,131,1704
-1832,123,1708
-1824,107,1717
-1819,95,1723
-1802,60,1742
-1799,52,1746
-1791,35,1755
-1785,24,1761
-1773,0,1773
-1767,-11,1779
-1749,-46,1796
-1745,-55,1800
-1730,-82,1813
-1726,-90,1817
-1711,-118,1829
-1706,-126,1833
-1691,-154,1845
-1686,-162,1849
-1671,-189,1860
-1661,-205,1867
-1650,-225,1875
-1628,-260,1889
-1623,-268,1892
-1606,-296,1903
-1601,-304,1906
-1584,-331,1915
-1579,-339,1918
-1561,-366,1928
-1550,-382,1933
-1538,-401,1940
-1514,-436,1951
-1508,-444,1953
-1490,-471,1961
-1484,-479,1964
-1465,-506,1971
-1453,-522,1976
-1440,-541,1981
-1428,-556,1985
-1414,-575,1989
-1402,-591,1993
-1388,-609,1998
-1376,-625,2001
-1361,-643,2005
-1349,-659,2008
-1335,-677,2012
-1322,-692,2015
-1307,-711,2018
-1295,-726,2021
-1279,-744,2024
-1267,-759,2026
-1251,-777,2029
-1245,-785,2030
-1232,-800,2032
-1223,-810,2034
-1203,-833,2036
-1194,-843,2037
-1181,-858,2039
-1165,-875,2041
-1158,-883,2041
-1151,-890,2042
-1135,-908,2043
-1122,-922,2044
-1105,-939,2045
-1098,-947,2046
-1092,-954,2046
-1075,-971,2047
-1061,-985,2047
-1054,-992,2047
-1044,-1002,2047
-1030,-1017,2047
-1014,-1033,2047
-1007,-1040,2047
-992,-1054,2047
-982,-1064,2047
-975,-1071,2047
-961,-1085,2046
-951,-1094,2046
-936,-1108,2045
-929,-1115,2045
-919,-1124,2044
-904,-1138,2043
-897,-1145,2043
-887,-1154,2042
-872,-1168,2040
-865,-1174,2040
-855,-1184,2039
-840,-1197,2037
-825,-1210,2035
-822,-1213,2035
-807,-1226,2033
-789,-1241,2031
-782,-1248,2030
-767,-1260,2028
-756,-1269,2026
-748,-1276,2025
-741,-1282,2024
-723,-1297,2020
-707,-1310,2018
-700,-1316,2016
-689,-1325,2014
-681,-1331,2013
-666,-1343,2010
-655,-1352,2008
-640,-1364,2004
-627,-1374,2002
-621,-1378,2000
-606,-1390,1997
-587,-1405,1992
-579,-1411,1991
-564,-1422,1987
-553,-1430,1984
-545,-1436,1982
-529,-1448,1978
-518,-1456,1975
-511,-1461,1973
-484,-1481,1965
-476,-1486,1963
-468,-1492,1960
-449,-1505,1955
-441,-1511,1952
-425,-1522,1947
-414,-1529,1944
-398,-1540,1938
-379,-1553,1932
-371,-1558,1929
-363,-1563,1927
-344,-1576,1920
-336,-1581,1917
-308,-1598,1907
-300,-1603,1904
-284,-1613,1898
-273,-1620,1894
-257,-1630,1888
-238,-1642,1880
-230,-1647,1877
-213,-1657,1870
-202,-1663,1866
-186,-1673,1859
-166,-1684,1851
-158,-1688,1847
-131,-1704,1835
-123,-1708,1832
-95,-1723,1819
-87,-1728,1815
-59,-1742,1802
-51,-1747,1798
-35,-1755,1791
-24,-1761,1785
-7,-1769,1777
11,-1779,1767
19,-1783,1763
47,-1796,1749
55,-1800,1745
71,-1808,1736
83,-1813,1730
99,-1821,1721
118,-1830,1711
154,-1845,1691
162,-1849,1686
170,-1852,1682
190,-1860,1670
225,-1875,1650
233,-1878,1645
241,-1882,1640
261,-1889,1628
277,-1895,1618
296,-1903,1606
312,-1909,1596
331,-1916,1584
347,-1921,1573
367,-1928,1561
375,-1931,1556
402,-1940,1537
410,-1942,1532
437,-1951,1514
445,-1953,1508
461,-1958,1497
472,-1961,1489
487,-1966,1478
506,-1971,1465
522,-1976,1453
541,-1981,1439
549,-1983,1434
564,-1987,1422
575,-1989,1414
591,-1993,1402
609,-1998,1388
617,-1999,1382
643,-2005,1361
651,-2007,1355
659,-2008,1349
677,-2012,1334
685,-2014,1328
700,-2016,1316
711,-2018,1307
726,-2021,1294
744,-2024,1279
752,-2025,1273
760,-2026,1266
778,-2029,1251
785,-2030,1245
793,-2031,1238
810,-2034,1223
818,-2035,1216
833,-2036,1203
843,-2037,1194
858,-2039,1181
865,-2040,1174
876,-2041,1165
890,-2042,1151
905,-2043,1138
908,-2043,1135
922,-2044,1121
930,-2045,1115
940,-2045,1105
954,-2046,1091
971,-2047,1075
978,-2047,1068
986,-2047,1061
1003,-2047,1044
1010,-2047,1037
1017,-2047,1030
1024,-2047,1023
1034,-2047,1013
1048,-2047,999
1064,-2047,982
1071,-2047,975
1078,-2047,968
1092,-2046,953
1095,-2046,951
1108,-2045,936
1125,-2044,919
1132,-2044,911
1138,-2043,904
1154,-2042,887
1161,-2041,879
1168,-2040,872
1184,-2039,854
1190,-2038,847
1197,-2037,839
1213,-2035,822
1219,-2034,814
1226,-2033,807
1232,-2032,799
1241,-2031,789
1254,-2029,774
1270,-2026,756
1276,-2025,748
1282,-2023,741
1298,-2020,722
1304,-2019,715
1310,-2018,707
1325,-2014,689
1331,-2013,681
1343,-2010,666
1352,-2008,655
1358,-2006,647
1370,-2003,632
1379,-2000,621
1391,-1997,606
1397,-1995,598
1405,-1992,587
1417,-1988,571
1423,-1987,564
1431,-1984,553
1442,-1980,537
1456,-1975,518
1462,-1972,510
1473,-1968,494
1481,-1965,483
1487,-1963,476
1498,-1958,460
1505,-1955,449
1516,-1950,433
1529,-1944,414
1535,-1941,406
1546,-1936,390
1553,-1932,379
1563,-1927,363
1576,-1920,343
1581,-1917,335
1591,-1911,319
1599,-1907,308
1604,-1904,300
1621,-1894,273
1626,-1891,265
1635,-1884,249
1642,-1880,237
1652,-1874,221
1663,-1866,202
1668,-1862,194
1684,-1851,166
1689,-1847,158
1698,-1840,142
1704,-1835,130
1713,-1828,114
1724,-1819,95
1732,-1811,79
1743,-1802,59
1747,-1798,51
1761,-1785,23
1765,-1781,15
1779,-1767,-11
1783,-1763,-20
1787,-1759,-28
1796,-1749,-47
1804,-1740,-63
1813,-1730,-83
1821,-1721,-99
1830,-1711,-119
1837,-1702,-135
1845,-1691,-154
1852,-1681,-171
1861,-1670,-190
1867,-1661,-206
1875,-1649,-225
1882,-1640,-242
1889,-1628,-261
1896,-1618,-277
1903,-1606,-296
1906,-1601,-304
1916,-1584,-332
1921,-1573,-348
1928,-1561,-367
1933,-1550,-383
1940,-1537,-402
1945,-1526,-418
1951,-1513,-437
1956,-1502,-453
1961,-1489,-472
1964,-1483,-480
1971,-1464,-507
1974,-1459,-514
1978,-1447,-530
1981,-1439,-541
1987,-1422,-565
1990,-1413,-576
1993,-1402,-591
1998,-1387,-610
2001,-1375,-625
2005,-1361,-644
2007,-1355,-652
2010,-1343,-667
2012,-1334,-678
2015,-1322,-693
2018,-1307,-711
2020,-1300,-719
2024,-1279,-745
2025,-1273,-752
2028,-1260,-767
2029,-1251,-778
2030,-1244,-785
2034,-1222,-811
2035,-1216,-818
2035,-1209,-826
2038,-1194,-844
2038,-1187,-851
2040,-1174,-866
2041,-1164,-876
2041,-1158,-883
2043,-1135,-908
2043,-1137,-905
2044,-1128,-915
2045,-1105,-940
2046,-1098,-947
2046,-1091,-954
2047,-1075,-972
2047,-1068,-979
2047,-1061,-986
2047,-1044,-1003
2047,-1037,-1010
2047,-1030,-1017
2047,-1013,-1034
2047,-1006,-1041
2047,-999,-1048
2047,-992,-1055
2047,-982,-1065
2047,-977,-1069
2046,-967,-1079
2046,-950,-1095
2045,-943,-1102
2045,-936,-1109
2044,-918,-1125
2044,-911,-1132
2043,-904,-1139
2042,-886,-1155
2041,-879,-1161
2040,-872,-1168
2039,-854,-1184
2038,-847,-1191
2037,-839,-1197
2036,-827,-1208
2035,-821,-1213
2033,-806,-1226
2031,-789,-1242
2030,-781,-1248
2029,-773,-1255
2027,-766,-1261
2026,-755,-1270
2025,-748,-1276
2022,-733,-1289
2020,-722,-1298
2019,-714,-1304
2018,-707,-1310
2014,-689,-1325
2013,-681,-1331
2010,-665,-1344
2008,-655,-1352
2006,-647,-1358
2004,-639,-1364
2000,-621,-1379
1998,-613,-1385
1997,-605,-1391
1992,-587,-1405
1990,-579,-1411
1988,-571,-1417
1984,-552,-1431
1982,-544,-1437
1980,-537,-1443
1975,-518,-1456
1972,-510,-1462
1970,-502,-1468
1965,-483,-1481
1962,-475,-1487
1960,-467,-1492
1954,-448,-1506
1952,-440,-1511
1947,-424,-1522
1943,-413,-1530
1941,-405,-1535
1936,-389,-1546
1932,-378,-1553
1926,-362,-1564
1920,-343,-1576
1917,-335,-1581
1914,-327,-1587
1907,-308,-1599
1904,-300,-1604
1901,-292,-1609
1894,-272,-1621
1891,-264,-1626
1880,-237,-1642
1877,-229,-1647
1873,-221,-1652
1865,-201,-1664
1862,-193,-1668
1859,-185,-1673
1850,-166,-1684
1847,-158,-1689
1835,-130,-1704
1831,-122,-1709
1824,-106,-1718
1819,-94,-1724
1811,-78,-1732
1802,-59,-1743
1798,-51,-1747
1785,-23,-1761
1781,-15,-1765
1773,0,-1774
1767,12,-1779
1759,28,-1787
1749,48,-1797
1744,56,-1801
1730,83,-1814
1725,91,-1817
1717,108,-1825
1710,119,-1830
1701,135,-1837
1690,155,-1846
1686,163,-1849
1670,190,-1861
1665,198,-1864
1649,226,-1875
1644,234,-1879
1628,261,-1889
1623,269,-1893
1618,277,-1896
1606,297,-1903
1596,313,-1909
1583,332,-1916
1573,348,-1922
1560,367,-1928
1555,375,-1931
1537,402,-1940
1532,410,-1942
1513,437,-1951
1508,445,-1953
1502,453,-1956
1489,472,-1962
1478,488,-1966
1464,507,-1972
1458,515,-1974
1439,541,-1981
1433,549,-1983
1427,557,-1985
1413,576,-1990
1401,591,-1993
1387,610,-1998
1381,618,-2000
1369,633,-2003
1361,644,-2005
1348,660,-2009
1334,678,-2012
1328,686,-2014
1315,701,-2017
1306,712,-2018
1300,719,-2020
1288,734,-2022
1279,745,-2024
1266,760,-2027
1251,778,-2029
1244,786,-2030
1238,793,-2031
1222,811,-2034
1216,819,-2035
1202,833,-2036
1193,844,-2038
1187,851,-2038
1173,866,-2040
1164,876,-2041
1151,891,-2042
1144,898,-2043
1134,908,-2043
1128,916,-2044
1121,923,-2044
1104,940,-2045
1098,948,-2046
1091,955,-2046
1074,972,-2047
1067,979,-2047
1060,986,-2047
1044,1003,-2047
1037,1010,-2047
1030,1017,-2047
1015,1032,-2047
1013,1034,-2047
999,1048,-2047
991,1055,-2047
981,1065,-2047
974,1072,-2047
960,1086,-2046
950,1095,-2046
938,1106,-2045
936,1109,-2045
918,1125,-2044
911,1132,-2044
904,1139,-2043
886,1155,-2042
879,1162,-2041
871,1168,-2040
857,1182,-2039
854,1184,-2039
839,1198,-2037
824,1211,-2035
821,1213,-2035
814,1220,-2034
799,1233,-2032
788,1242,-2031
773,1255,-2029
766,1261,-2027
755,1270,-2026
748,1277,-2025
732,1289,-2022
722,1298,-2020
706,1311,-2018
699,1317,-2016
688,1325,-2014
681,1332,-2013
665,1344,-2010
654,1353,-2007
647,1359,-2006
631,1371,-2002
620,1379,-2000
605,1391,-1997
586,1405,-1992
578,1411,-1990
571,1417,-1988
563,1423,-1986
552,1431,-1984
536,1443,-1980
517,1456,-1974
510,1462,-1972
502,1468,-1970
483,1481,-1965
475,1487,-1962
459,1498,-1958
448,1506,-1954
440,1511,-1952
413,1530,-1943
405,1535,-1941
397,1541,-1938
378,1553,-1932
370,1559,-1929
354,1569,-1924
343,1576,-1920
335,1582,-1917
307,1599,-1907
303,1602,-1905
299,1604,-1904
272,1621,-1894
264,1626,-1891
237,1643,-1880
229,1647,-1877
220,1652,-1873
201,1664,-1865
193,1668,-1862
165,1684,-1850
157,1689,-1847
141,1698,-1840
130,1704,-1835
122,1709,-1831
94,1724,-1819
86,1728,-1815
70,1737,-1807
58,1743,-1802
42,1751,-1794
23,1761,-1785
14,1766,-1781
-12,1779,-1767
-20,1783,-1763
-37,1791,-1754
-48,1797,-1748
-56,1801,-1744
-84,1814,-1730
-92,1817,-1725
-108,1825,-1716
-119,1830,-1710
-144,1841,-1697
-155,1846,-1690
-171,1853,-1681
-191,1861,-1670
-207,1868,-1660
-226,1876,-1649
-242,1882,-1639
-262,1890,-1627
-270,1893,-1623
-297,1903,-1606
-305,1906,-1600
-332,1916,-1583
-340,1919,-1578
-368,1928,-1560
-376,1931,-1555
-384,1934,-1550
-403,1940,-1537
-427,1948,-1521
-438,1951,-1513
-454,1956,-1502
-473,1962,-1489
-488,1966,-1477
-507,1972,-1464
-515,1974,-1458
-542,1981,-1439
-550,1983,-1433
-576,1990,-1413
-584,1992,-1407
-592,1993,-1401
-610,1998,-1387
-626,2001,-1375
-644,2005,-1360
-660,2009,-1348
-678,2012,-1333
-686,2014,-1327
-694,2015,-1321
-712,2019,-1306
-727,2021,-1294
-745,2024,-1278
-753,2025,-1272
-760,2027,-1266
-778,2029,-1250
-786,2030,-1244
-811,2034,-1222
-819,2035,-1215
-826,2036,-1209
-844,2038,-1193
-852,2038,-1186
-859,2039,-1180
-877,2041,-1164
-884,2041,-1157
-899,2043,-1144
-909,2043,-1134
-916,2044,-1127
-931,2045,-1114
-941,2045,-1104
-948,2046,-1097
-962,2046,-1084
-972,2047,-1074
-979,2047,-1067
-994,2047,-1053
-1004,2047,-1043
-1011,2047,-1036
-1018,2047,-1029
-1035,2047,-1012
-1042,2047,-1005
-1049,2047,-998
-1065,2047,-981
-1072,2047,-974
-1079,2046,-967
-1096,2046,-950
-1102,2045,-942
-1109,2045,-935
-1116,2045,-928
-1126,2044,-918
-1139,2043,-903
-1146,2042,-896
-1155,2042,-886
-1169,2040,-871
-1175,2040,-864
-1185,2039,-853
-1191,2038,-846
-1198,2037,-839
-1214,2035,-821
-1220,2034,-813
-1227,2033,-806
-1242,2031,-788
-1249,2030,-780
-1255,2028,-773
-1262,2027,-765
-1270,2026,-755
-1283,2023,-740
-1290,2022,-732
-1298,2020,-721
-1305,2019,-714
-1317,2016,-699
-1326,2014,-688
-1332,2013,-680
-1338,2011,-673
-1353,2007,-654
-1359,2006,-646
-1365,2004,-639
-1379,2000,-620
-1385,1998,-612
-1391,1996,-605
-1397,1995,-597
-1406,1992,-586
-1412,1990,-578
-1423,1986,-563
-1431,1984,-552
-1443,1979,-536
-1449,1977,-528
-1457,1974,-517
-1462,1972,-509
-1474,1968,-493
-1482,1965,-482
-1487,1962,-475
-1498,1958,-459
-1506,1954,-448
-1512,1952,-440
-1523,1947,-424
-1530,1943,-413
-1535,1941,-405
-1546,1935,-389
-1554,1932,-378
-1559,1929,-370
-1569,1923,-354
-1577,1920,-342
-1587,1914,-326
-1599,1907,-307
-1604,1904,-299
-1609,1901,-291
-1621,1894,-272
-1626,1890,-264
-1631,1887,-256
-1643,1880,-236
-1648,1876,-228
-1657,1870,-212
-1664,1865,-201
-1673,1858,-185
-1684,1850,-165
-1689,1847,-157
-1698,1840,-141
-1705,1835,-129
-1714,1827,-113
-1724,1818,-94
-1728,1815,-86
-1733,1811,-77
-1743,1802,-58
-1752,1794,-42
-1762,1784,-22
-1766,1780,-14
-1778,1768,9
-1780,1767,12
-1788,1758,29
-1797,1748,48
-1805,1740,64
-1814,1729,84
-1818,1725,92
-1829,1712,116
-1830,1710,120
-1846,1690,155
-1849,1685,163
-1853,1681,172
-1861,1670,191
-1868,1660,207
-1876,1649,226
-1882,1639,243
-1890,1627,262
-1896,1617,278
-1903,1605,297
-1909,1595,313
-1916,1583,333
-1919,1578,341
-1925,1567,357
-1928,1560,368
-1934,1549,384
-1940,1537,403
-1948,1520,427
-1951,1513,438
-1956,1502,454
-1962,1488,473
-1964,1483,481
-1969,1472,497
-1972,1464,508
-1978,1446,531
-1981,1438,542
-1985,1427,558
-1988,1419,569
-1992,1407,584
-1996,1393,603
-1998,1387,611
-2001,1375,626
-2004,1366,637
-2007,1354,652
-2011,1339,671
-2012,1333,679
-2015,1321,694
-2017,1312,705
-2019,1306,712
-2023,1285,738
-2024,1278,746
-2027,1265,761
-2028,1256,771
-2029,1250,779
-2031,1237,794
-2033,1228,804
-2035,1215,819
-2037,1199,837
-2038,1193,844
-2039,1179,859
-2040,1170,869
-2041,1163,877
-2042,1150,892
-2043,1141,902
-2043,1134,909
-2044,1120,924
-2045,1111,934
-2045,1104,941
-2046,1090,955
-2046,1081,965
-2047,1074,973
-2047,1050,997
-2047,1043,1004
-2047,1036,1011
-2047,1029,1018
-2047,1019,1028
-2047,1005,1042
-2047,998,1049
-2047,988,1059
-2047,981,1066
-2047,974,1072
-2046,957,1089
-2046,949,1096
-2045,942,1103
-2044,925,1119
-2044,918,1126
-2043,903,1139
-2042,893,1149
-2042,885,1156
-2041,878,1162
-2039,860,1178
-2039,853,1185
-2037,838,1198
-2036,831,1205
-2036,828,1207
-2033,806,1227
-2032,795,1236
-2031,788,1242
-2028,773,1255
-2027,762,1264
-2026,754,1271
-2023,739,1283
-2021,729,1292
-2020,721,1299
-2017,706,1311
-2016,695,1320
-2014,688,1326
-2011,672,1338
-2009,662,1347
-2006,646,1359
-2002,628,1374
-2000,620,1380
-1998,612,1386
-1994,593,1400
-1992,586,1406
-1988,570,1418
-1985,559,1426
-1983,551,1432
-1979,536,1443
-1976,525,1451
-1974,517,1457
-1970,501,1468
-1967,490,1476
-1962,474,1487
-1957,455,1501
-1954,447,1506
-1949,431,1517
-1946,420,1525
-1943,412,1530
-1934,385,1548
-1932,377,1554
-1926,361,1564
-1922,350,1572
-1919,342,1577
-1910,315,1594
-1907,307,1599
-1904,299,1604
-1896,279,1616
-1893,271,1621
-1883,244,1638
-1879,236,1643
-1873,220,1653
-1868,208,1659
-1862,192,1669
-1853,173,1680
-1850,165,1685
-1838,137,1700
-1834,129,1705
-1827,113,1714
-1822,102,1720
-1814,85,1729
-1805,66,1739
-1798,50,1748
-1788,30,1758
-1784,22,1762
-1771,-5,1776
-1762,-21,1784
-1752,-40,1793
-1748,-49,1797
-1734,-76,1810
-1729,-84,1814
-1714,-112,1827
-1710,-120,1830
-1694,-148,1842
-1690,-156,1846
-1674,-183,1858
-1669,-191,1861
-1653,-219,1873
-1649,-227,1876
-1632,-254,1887
-1627,-262,1890
-1617,-278,1896
-1610,-290,1900
-1588,-325,1913
-1583,-333,1916
-1565,-360,1926
-1560,-368,1929
-1542,-395,1938
-1536,-403,1940
-1518,-430,1949
-1512,-438,1951
-1494,-465,1960
-1483,-481,1964
-1469,-500,1970
-1463,-508,1972
-1444,-535,1979
-1438,-542,1981
-1418,-569,1988
-1413,-577,1990
-1395,-600,1995
-1392,-603,1996
-1366,-637,2004
-1360,-645,2005
-1348,-661,2009
-1339,-671,2011
-1327,-687,2014
-1312,-705,2017
-1299,-720,2020
-1284,-738,2023
-1278,-746,2024
-1265,-761,2027
-1256,-772,2028
-1243,-787,2030
-1228,-805,2033
-1221,-812,2034
-1208,-827,2036
-1199,-837,2037
-1192,-845,2038
-1170,-870,2040
-1163,-877,2041
-1150,-892,2042
-1140,-902,2043
-1134,-909,2043
-1120,-924,2044
-1110,-934,2045
-1104,-941,2045
-1080,-966,2046
-1073,-973,2047
-1066,-980,2047
-1050,-997,2047
-1043,-1004,2047
-1036,-1011,2047
-1019,-1028,2047
-1012,-1035,2047
-1005,-1042,2047
-988,-1059,2047
-983,-1063,2047
-981,-1066,2047
-956,-1089,2046
-949,-1096,2046
-942,-1103,2045
-935,-1110,2045
-925,-1119,2044
-910,-1133,2043
-892,-1149,2042
-885,-1156,2042
-878,-1163,2041
-870,-1169,2040
-860,-1179,2039
-853,-1185,2038
-828,-1208,2036
-823,-1212,2035
-820,-1214,2035
-805,-1227,2033
-795,-1236,2032
-787,-1243,2031
-772,-1256,2028
-762,-1265,2027
-754,-1271,2026
-739,-1284,2023
-728,-1293,2021
-721,-1299,2020
-706,-1311,2017
-695,-1320,2015
-687,-1326,2014
-672,-1339,2011
-661,-1347,2009
-646,-1359,2006
-638,-1365,2004
-627,-1374,2002
-619,-1380,2000
-604,-1392,1996
-593,-1400,1994
-578,-1412,1990
-570,-1418,1988
-559,-1426,1985
-543,-1438,1981
-535,-1443,1979
-524,-1451,1976
-516,-1457,1974
-490,-1476,1967
-482,-1482,1964
-466,-1493,1960
-455,-1501,1956
-447,-1507,1954
-431,-1518,1949
-420,-1525,1946
-404,-1536,1940
-396,-1541,1938
-385,-1549,1934
-361,-1565,1926
-350,-1572,1922
-342,-1577,1919
-326,-1587,1914
-315,-1595,1910
-298,-1605,1904
-290,-1610,1901
-279,-1617,1896
-255,-1632,1887
-244,-1638,1883
-228,-1648,1876
-208,-1660,1868
-200,-1664,1865
-184,-1674,1858
-173,-1680,1853
-156,-1689,1846
-137,-1700,1838
-129,-1705,1834
-113,-1714,1827
-101,-1720,1822
-77,-1733,1811
-66,-1739,1805
-49,-1748,1797
-30,-1758,1788
-13,-1766,1780
-5,-1770,1776
5,-1776,1770
29,-1788,1758
41,-1793,1752
57,-1801,1744
76,-1810,1733
93,-1818,1725
112,-1827,1714
120,-1830,1710
148,-1843,1694
156,-1846,1690
183,-1858,1674
192,-1861,1669
208,-1868,1660
219,-1873,1653
243,-1882,1639
255,-1887,1632
271,-1893,1622
290,-1900,1610
314,-1909,1595
325,-1913,1588
341,-1919,1577
361,-1926,1565
369,-1929,1560
396,-1938,1542
404,-1940,1536
431,-1949,1518
439,-1951,1512
455,-1956,1501
466,-1960,1494
481,-1964,1482
500,-1970,1469
516,-1974,1457
535,-1979,1444
543,-1981,1438
558,-1985,1426
569,-1988,1418
585,-1992,1406
604,-1996,1392
611,-1998,1386
627,-2002,1374
638,-2004,1366
653,-2007,1354
672,-2011,1339
679,-2012,1333
695,-2015,1320
705,-2017,1312
720,-2020,1299
728,-2021,1293
739,-2023,1284
754,-2026,1271
772,-2028,1256
779,-2029,1250
794,-2032,1237
805,-2033,1228
812,-2034,1221
838,-2037,1199
845,-2038,1192
852,-2038,1185
870,-2040,1170
877,-2041,1163
885,-2041,1156
899,-2043,1143
902,-2043,1140
917,-2044,1126
934,-2045,1110
942,-2045,1103
949,-2046,1096
966,-2046,1080
973,-2047,1073
980,-2047,1066
987,-2047,1059
997,-2047,1049
1012,-2047,1035
1028,-2047,1019
1035,-2047,1012
1042,-2047,1004
1059,-2047,987
1066,-2047,980
1073,-2047,973
1080,-2046,966
1090,-2046,956
1103,-2045,942
1120,-2044,924
1126,-2044,917
1133,-2043,910
1147,-2042,895
1149,-2042,892
1163,-2041,877
1170,-2040,870
1179,-2039,860
1192,-2038,845
1208,-2036,827
1214,-2035,820
1221,-2034,812
1228,-2033,805
1237,-2032,794
1249,-2029,779
1265,-2027,761
1271,-2026,754
1278,-2024,746
1290,-2022,731
1293,-2021,728
1305,-2019,713
1320,-2015,695
1327,-2014,687
1333,-2012,679
1347,-2009,661
1354,-2007,653
1366,-2004,638
1374,-2002,627
1380,-2000,619
1400,-1994,593
1406,-1992,585
1412,-1990,577
1426,-1985,558
1432,-1983,551
1438,-1981,543
1449,-1977,527
1452,-1976,524
1469,-1970,500
1477,-1967,489
1482,-1964,481
1494,-1960,466
1501,-1956,455
1512,-1951,439
1525,-1945,420
1531,-1943,412
1541,-1938,396
1549,-1934,385
1560,-1929,369
1572,-1922,349
1577,-1919,341
1588,-1913,325
1595,-1909,314
1605,-1903,298
1617,-1896,279
1622,-1893,271
1632,-1887,255
1639,-1882,243
1648,-1876,227
1660,-1868,208
1665,-1865,200
1680,-1853,172
1685,-1850,164
1701,-1838,137
1705,-1834,128
1710,-1830,120
1720,-1822,101
1729,-1814,85
1739,-1805,65
1748,-1797,49
1758,-1788,29
1762,-1784,21
1776,-1770,-5
1780,-1766,-13
1788,-1758,-30
1794,-1752,-41
1811,-1733,-77
1814,-1729,-85
1818,-1724,-93
1827,-1714,-113
1838,-1700,-137
1843,-1694,-148
1853,-1680,-173
1858,-1674,-184
1868,-1660,-208
1873,-1653,-219
1887,-1632,-255
1890,-1627,-263
1901,-1610,-290
1904,-1605,-298
1910,-1595,-315
1914,-1587,-326
1926,-1565,-361
1929,-1559,-369
1934,-1549,-385
1938,-1541,-396
1946,-1525,-420
1949,-1518,-431
1956,-1501,-455
1960,-1493,-466
1967,-1476,-490
1970,-1469,-501
1976,-1451,-524
1979,-1443,-535
1983,-1432,-551
1988,-1418,-570
1992,-1406,-585
1996,-1392,-604
1998,-1386,-612
2004,-1365,-638
2006,-1359,-646
2009,-1347,-661
2011,-1339,-672
2014,-1326,-687
2017,-1311,-706
2020,-1299,-721
2021,-1293,-728
2023,-1284,-739
2027,-1265,-762
2028,-1256,-772
2031,-1243,-787
2033,-1227,-805
2034,-1221,-813
2035,-1214,-820
2037,-1198,-838
2038,-1192,-845
2039,-1179,-860
2040,-1169,-870
2042,-1156,-885
2043,-1140,-903
2043,-1133,-910
2044,-1119,-925
2045,-1110,-935
2046,-1096,-949
2046,-1089,-956
2046,-1080,-966
2047,-1066,-981
2047,-1059,-988
2047,-1049,-998
2047,-1035,-1012
2047,-1028,-1019
2047,-1018,-1029
2047,-1011,-1036
2047,-997,-1050
2047,-987,-1059
2047,-980,-1066
2047,-973,-1073
2046,-956,-1090
2046,-948,-1097
2045,-934,-1110
2044,-924,-1120
2044,-917,-1127
2043,-902,-1140
2042,-892,-1150
2041,-885,-1156
2040,-870,-1170
2039,-860,-1179
2038,-852,-1186
2037,-837,-1199
2036,-827,-1208
2034,-812,-1221
2033,-805,-1228
2031,-794,-1237
2030,-787,-1243
2028,-772,-1256
2027,-761,-1265
2026,-754,-1272
2023,-738,-1284
2021,-728,-1293
2019,-713,-1306
2017,-705,-1312
2015,-694,-1321
2012,-679,-1333
2011,-671,-1339
2009,-661,-1348
2005,-645,-1360
2004,-637,-1366
2001,-627,-1374
1998,-611,-1386
1994,-592,-1401
1992,-585,-1407
1990,-577,-1412
1985,-558,-1427
1983,-550,-1432
1979,-535,-1444
1976,-524,-1452
1974,-516,-1458
1970,-500,-1469
1966,-489,-1477
1962,-473,-1488
1960,-465,-1494
1956,-454,-1501
1951,-438,-1512
1945,-419,-1526
1943,-411,-1531
1940,-403,-1536
1934,-384,-1549
1929,-368,-1560
1923,-352,-1570
1922,-349,-1572
1913,-325,-1588
1909,-314,-1595
1906,-306,-1600
1900,-290,-1610
1896,-278,-1617
1890,-262,-1627
1882,-243,-1639
1879,-235,-1644
1868,-207,-1660
1865,-199,-1665
1858,-183,-1674
1853,-172,-1681
1846,-156,-1690
1838,-136,-1701
1834,-128,-1705
1821,-101,-1720
1818,-92,-1725
1810,-76,-1734
1805,-65,-1740
1797,-49,-1748
1788,-29,-1758
1780,-13,-1766
1770,6,-1776
1762,22,-1784
1752,41,-1794
1743,58,-1801
1733,77,-1811
1724,93,-1818
1714,113,-1827
1709,121,-1831
1694,149,-1843
1685,165,-1850
1674,184,-1858
1664,200,-1865
1653,220,-1873
1643,236,-1879
1631,255,-1887
1621,271,-1893
1610,291,-1901
1599,307,-1907
1587,326,-1914
1577,342,-1919
1564,361,-1926
1554,377,-1932
1541,396,-1938
1530,412,-1943
1517,431,-1949
1506,447,-1954
1493,466,-1960
1482,482,-1964
1468,501,-1970
1457,517,-1974
1443,536,-1979
1437,543,-1981
1418,570,-1988
1412,578,-1990
1400,593,-1994
1392,604,-1996
1380,620,-2000
1365,638,-2004
1353,654,-2007
1338,672,-2011
1332,680,-2013
1320,695,-2016
1311,706,-2017
1299,721,-2020
1283,739,-2023
1277,747,-2024
1264,762,-2027
1255,773,-2028
1243,788,-2031
1227,806,-2033
1220,813,-2034
1214,820,-2035
1198,838,-2037
1192,846,-2038
1178,860,-2039
1169,871,-2040
1156,885,-2042
1139,903,-2043
1133,910,-2043
1126,918,-2044
1110,935,-2045
1103,942,-2045
1096,949,-2046
1079,967,-2046
1072,974,-2047
1066,981,-2047
1049,998,-2047
1042,1005,-2047
1028,1019,-2047
1018,1029,-2047
1011,1036,-2047
997,1050,-2047
987,1060,-2047
980,1067,-2047
965,1081,-2046
955,1090,-2046
941,1104,-2045
934,1111,-2045
924,1120,-2044
909,1134,-2043
902,1141,-2043
892,1150,-2042
877,1163,-2041
859,1179,-2039
852,1186,-2038
844,1193,-2038
827,1208,-2036
819,1215,-2035
812,1222,-2034
794,1237,-2031
786,1244,-2030
779,1250,-2029
761,1265,-2027
753,1272,-2025
738,1285,-2023
727,1293,-2021
712,1306,-2019
694,1321,-2015
686,1327,-2014
679,1333,-2012
660,1348,-2009
653,1354,-2007
637,1366,-2004
626,1375,-2001
619,1381,-2000
592,1401,-1994
584,1407,-1992
577,1413,-1990
558,1427,-1985
550,1433,-1983
534,1444,-1979
523,1452,-1976
508,1464,-1972
489,1477,-1966
481,1483,-1964
454,1502,-1956
446,1507,-1954
438,1513,-1951
419,1526,-1945
411,1531,-1943
384,1549,-1934
376,1555,-1931
368,1560,-1928
349,1572,-1922
341,1578,-1919
314,1595,-1909
305,1600,-1906
278,1617,-1896
270,1622,-1893
262,1627,-1890
243,1639,-1882
226,1649,-1876
207,1660,-1868
199,1665,-1864
172,1681,-1853
163,1685,-1849
136,1701,-1837
128,1706,-1834
100,1721,-1821
92,1725,-1818
64,1740,-1805
56,1744,-1801
29,1758,-1788
21,1762,-1784
12,1767,-1780
-6,1776,-1770
-22,1784,-1762
-42,1794,-1752
-58,1802,-1743
-77,1811,-1733
-86,1815,-1728
-113,1827,-1714
-129,1835,-1705
-149,1843,-1694
-165,1850,-1685
-184,1858,-1673
-201,1865,-1664
-220,1873,-1653
-236,1880,-1643
-256,1887,-1631
-291,1901,-1609
-299,1904,-1604
-326,1914,-1587
-334,1917,-1582
-362,1926,-1564
-370,1929,-1559
-397,1938,-1541
-405,1941,-1535
-432,1949,-1517
-440,1952,-1512
-467,1960,-1493
-482,1965,-1482
-501,1970,-1468
-509,1972,-1462
-536,1979,-1443
-544,1981,-1437
-570,1988,-1417
-578,1990,-1412
-605,1996,-1391
-612,1998,-1385
-639,2004,-1365
-646,2006,-1359
-673,2011,-1338
-680,2013,-1332
-706,2018,-1311
-714,2019,-1305
-721,2020,-1298
-740,2023,-1283
-747,2025,-1277
-773,2028,-1255
-780,2030,-1249
-806,2033,-1227
-813,2034,-1220
-821,2035,-1214
-839,2037,-1198
-853,2039,-1185
-871,2040,-1169
-878,2041,-1162
-886,2042,-1155
-903,2043,-1139
-918,2044,-1126
-925,2044,-1119
-935,2045,-1109
-950,2046,-1096
-967,2046,-1079
-974,2047,-1072
-988,2047,-1058
-998,2047,-1049
-1005,2047,-1042
-1019,2047,-1028
-1029,2047,-1018
-1043,2047,-1004
-1060,2047,-987
-1067,2047,-979
-1074,2047,-972
-1090,2046,-955
-1097,2046,-948
-1104,2045,-941
-1121,2044,-923
-1127,2044,-916
-1141,2043,-901
-1150,2042,-891
-1157,2041,-884
-1170,2040,-869
-1180,2039,-859
-1186,2038,-852
-1193,2038,-844
-1209,2036,-826
-1215,2035,-819
-1228,2033,-804
-1237,2031,-794
-1244,2030,-786
-1257,2028,-771
-1266,2027,-760
-1278,2024,-745
-1294,2021,-727
-1300,2020,-720
-1306,2019,-712
-1321,2015,-694
-1327,2014,-686
-1333,2012,-678
-1348,2009,-660
-1354,2007,-652
-1360,2005,-644
-1375,2001,-626
-1381,2000,-618
-1387,1998,-610
-1401,1993,-592
-1413,1990,-576
-1419,1988,-568
-1427,1985,-558
-1439,1981,-542
-1452,1976,-523
-1458,1974,-515
-1464,1972,-507
-1477,1966,-488
-1483,1964,-480
-1489,1962,-473
-1502,1956,-454
-1513,1951,-438
-1518,1949,-430
-1526,1945,-419
-1537,1940,-403
-1550,1934,-384
-1555,1931,-376
-1565,1926,-360
-1573,1922,-348
-1578,1919,-340
-1595,1909,-313
-1600,1906,-305
-1611,1900,-289
-1618,1896,-278
-1627,1890,-262
-1639,1882,-242
-1649,1876,-226
-1660,1868,-207
-1665,1864,-199
-1670,1861,-191
-1681,1853,-171
-1690,1846,-155
-1701,1837,-136
-1710,1830,-119
-1721,1821,-100
-1725,1817,-92
-1740,1805,-64
-1744,1801,-56
-1748,1797,-48
-1758,1787,-28
-1767,1779,-12
-1777,1770,6
-1785,1761,23
-1794,1751,42
-1802,1743,58
-1811,1733,78
-1819,1724,94
-1827,1713,114
-1831,1709,122
-1843,1694,149
-1850,1684,165
-1859,1673,185
-1865,1664,201
-1873,1652,220
-1880,1643,237
-1887,1631,256
-1894,1621,272
-1901,1609,291
-1907,1599,307
-1914,1587,327
-1926,1564,362
-1929,1559,370
-1938,1541,397
-1941,1535,405
-1949,1517,432
-1952,1511,440
-1960,1493,467
-1962,1487,475
-1970,1468,502
-1972,1462,510
-1979,1443,536
-1982,1437,544
-1988,1417,571
-1990,1411,578
-1992,1405,586
-1997,1391,605
-2000,1379,620
-2004,1365,639
-2006,1359,647
-2011,1338,673
-2013,1332,681
-2018,1311,706
-2019,1304,714
-2022,1292,729
-2023,1283,740
-2026,1270,755
-2029,1255,773
-2030,1248,781
-2033,1226,806
-2034,1220,814
-2035,1213,821
-2037,1198,839
-2038,1191,846
-2039,1178,861
-2040,1168,871
-2042,1155,886
-2043,1139,904
-2044,1132,911
-2044,1125,918
-2045,1109,935
-2045,1102,943
-2046,1079,967
-2047,1072,974
-2047,1065,981
-2047,1048,999
-2047,1041,1006
-2047,1034,1013
-2047,1017,1030
-2047,1010,1037
-2047,996,1051
-2047,986,1060
-2047,979,1067
-2046,965,1081
-2046,955,1091
-2046,948,1098
-2045,933,1111
-2044,923,1121
-2043,908,1134
-2042,891,1151
-2041,884,1157
-2040,869,1171
-2039,859,1180
-2038,844,1193
-2036,826,1209
-2035,819,1216
-2034,811,1222
-2031,793,1238
-2030,786,1244
-2028,771,1257
-2027,760,1266
-2025,753,1272
-2021,727,1294
-2020,719,1300
-2019,712,1306
-2015,693,1321
-2014,686,1328
-2011,670,1340
-2009,660,1348
-2005,644,1361
-2001,626,1375
-2000,618,1381
-1998,610,1387
-1993,592,1401
-1990,576,1413
-1985,557,1427
-1983,549,1433
-1981,541,1439
-1976,523,1453
-1974,515,1458
-1966,488,1478
-1964,480,1483
-1959,464,1494
-1956,453,1502
-1951,437,1513
-1945,418,1526
-1942,410,1532
-1934,383,1550
-1931,375,1555
-1928,367,1560
-1922,348,1573
-1916,332,1583
-1909,313,1596
-1906,305,1601
-1896,277,1618
-1893,269,1623
-1889,261,1628
-1882,242,1639
-1879,234,1644
-1868,206,1661
-1864,198,1665
-1853,171,1681
-1849,163,1686
-1837,135,1701
-1833,127,1706
-1821,100,1721
-1817,91,1725
-1804,64,1740
-1801,56,1744
-1787,28,1759
-1783,20,1763
-1779,12,1767
-1770,-7,1777
-1761,-23,1785
-1751,-42,1794
-1732,-78,1811
-1728,-86,1815
-1713,-114,1828
-1709,-122,1831
-1693,-150,1843
-1689,-158,1847
-1673,-185,1859
-1668,-193,1862
-1652,-221,1873
-1642,-237,1880
-1631,-256,1888
-1621,-272,1894
-1609,-292,1901
-1587,-327,1914
-1581,-335,1917
-1564,-362,1926
-1558,-370,1929
-1540,-397,1938
-1535,-405,1941
-1517,-432,1949
-1506,-448,1954
-1492,-467,1960
-1468,-502,1970
-1462,-510,1972
-1443,-537,1980
-1437,-544,1982
-1431,-552,1984
-1417,-571,1988
-1391,-605,1997
-1385,-613,1998
-1364,-639,2004
-1358,-647,2006
-1338,-673,2011
-1331,-681,2013
-1325,-689,2014
-1310,-707,2018
-1298,-722,2020
-1283,-740,2023
-1276,-748,2025
-1255,-773,2029
-1248,-781,2030
-1226,-806,2033
-1220,-814,2034
-1213,-821,2035
-1197,-839,2037
-1191,-847,2038
-1168,-872,2040
-1161,-879,2041
-1148,-894,2042
-1139,-904,2043
-1125,-918,2044
-1118,-926,2044
-1109,-936,2045
-1095,-950,2046
-1079,-967,2046
-1072,-975,2047
-1058,-989,2047
-1048,-999,2047
-1034,-1013,2047
-1027,-1020,2047
-1017,-1030,2047
-1003,-1044,2047
-986,-1061,2047
-979,-1068,2047
-972,-1074,2047
-954,-1091,2046
-947,-1098,2046
-933,-1112,2045
-923,-1121,2044
-915,-1128,2044
-901,-1141,2043
-891,-1151,2042
-883,-1158,2041
-869,-1171,2040
-858,-1180,2039
-844,-1193,2038
-836,-1200,2037
-826,-1209,2035
-818,-1216,2035
-803,-1229,2033
-793,-1238,2031
-778,-1251,2029
-760,-1266,2027
-752,-1273,2025
-745,-1279,2024
-729,-1292,2022
-727,-1294,2021
-711,-1307,2018
-693,-1322,2015
-685,-1328,2014
-678,-1334,2012
-659,-1349,2008
-652,-1355,2007
-644,-1361,2005
-625,-1375,2001
-610,-1387,1998
-602,-1393,1996
-591,-1402,1993
-583,-1408,1991
-568,-1419,1988
-557,-1427,1985
-541,-1439,1981
-522,-1453,1976
-515,-1459,1974
-507,-1464,1971
-488,-1478,1966
-480,-1483,1964
-472,-1489,1961
-453,-1502,1956
-445,-1508,1953
-418,-1526,1945
-410,-1532,1942
-402,-1537,1940
-383,-1550,1933
-375,-1555,1931
-348,-1573,1921
-340,-1578,1919
-332,-1584,1916
-313,-1596,1909
-296,-1606,1903
-277,-1618,1896
-269,-1623,1892
-242,-1640,1882
-234,-1644,1879
-225,-1649,1875
-206,-1661,1867
-190,-1670,1861
-171,-1681,1852
-162,-1686,1849
-135,-1702,1837
-127,-1706,1833
-99,-1721,1821
-91,-1726,1817
-83,-1730,1813
-63,-1740,1804
-47,-1749,1796
-28,-1759,1787
-11,-1767,1779
7,-1777,1769
23,-1785,1761
43,-1794,1751
51,-1798,1747
78,-1811,1732
87,-1815,1728
114,-1828,1713
122,-1831,1709
150,-1844,1693
158,-1847,1689
186,-1859,1673
194,-1862,1668
221,-1873,1652
229,-1877,1647
257,-1888,1631
265,-1891,1626
292,-1901,1609
300,-1904,1604
327,-1914,1586
335,-1917,1581
363,-1927,1563
371,-1929,1558
398,-1938,1540
406,-1941,1535
433,-1950,1516
441,-1952,1511
449,-1955,1505
468,-1960,1492
483,-1965,1481
502,-1970,1467
518,-1975,1456
537,-1980,1442
545,-1982,1436
571,-1988,1417
579,-1990,1411
595,-1994,1399
606,-1997,1391
621,-2000,1379
640,-2004,1364
647,-2006,1358
663,-2009,1346
673,-2011,1337
689,-2014,1325
707,-2018,1310
715,-2019,1304
730,-2022,1291
741,-2023,1282
756,-2026,1270
763,-2027,1263
774,-2029,1254
789,-2031,1241
807,-2033,1226
814,-2034,1219
829,-2036,1206
839,-2037,1197
854,-2039,1184
872,-2040,1168
879,-2041,1161
887,-2042,1154
904,-2043,1138
911,-2044,1132
919,-2044,1125
936,-2045,1108
943,-2045,1102
958,-2046,1088
968,-2047,1078
975,-2047,1071
982,-2047,1064
999,-2047,1048
1006,-2047,1041
1020,-2047,1027
1030,-2047,1017
1037,-2047,1010
1051,-2047,996
1061,-2047,986
1075,-2047,971
1082,-2046,964
1091,-2046,954
1098,-2046,947
1112,-2045,932
1121,-2044,922
1135,-2043,908
1142,-2043,901
1151,-2042,890
1165,-2041,876
1171,-2040,868
1180,-2039,858
1194,-2037,843
1210,-2035,825
1216,-2035,818
1223,-2034,811
1229,-2033,803
1238,-2031,793
1251,-2029,778
1266,-2026,760
1273,-2025,752
1279,-2024,744
1294,-2021,726
1301,-2020,719
1307,-2018,711
1322,-2015,693
1328,-2014,685
1340,-2011,670
1349,-2008,659
1361,-2005,643
1367,-2003,636
1376,-2001,625
1388,-1998,609
1402,-1993,591
1408,-1991,583
1420,-1988,567
1428,-1985,557
1434,-1983,549
1445,-1979,533
1453,-1976,522
1465,-1971,506
1478,-1966,487
1484,-1964,479
1489,-1961,472
1503,-1956,453
1514,-1951,437
1519,-1948,429
1527,-1945,418
1537,-1940,402
1550,-1933,383
1561,-1928,367
1573,-1921,347
1579,-1918,339
1584,-1916,331
1596,-1909,312
1606,-1903,296
1618,-1895,277
1623,-1892,269
1633,-1886,253
1640,-1882,241
1649,-1875,225
1661,-1867,206
1670,-1861,190
1682,-1852,170
1686,-1849,162
1702,-1837,135
1706,-1833,126
1711,-1830,118
1721,-1821,99
1730,-1813,83
1740,-1804,63
1749,-1796,47
1759,-1787,27
1767,-1779,11
1777,-1769,-7
1785,-1761,-24
1795,-1751,-43
1798,-1747,-51
1811,-1732,-79
1819,-1723,-95
1828,-1713,-115
1831,-1708,-123
1844,-1693,-150
1847,-1688,-158
1859,-1673,-186
1866,-1663,-202
1874,-1652,-221
1880,-1642,-238
1888,-1630,-257
1891,-1625,-265
1901,-1608,-292
1907,-1598,-308
1914,-1586,-328
1920,-1576,-344
1927,-1563,-363
1932,-1553,-379
1938,-1540,-398
1944,-1529,-414
1950,-1516,-433
1955,-1505,-449
1960,-1492,-468
1965,-1481,-484
1970,-1467,-503
1975,-1456,-518
1980,-1442,-537
1984,-1430,-553
1989,-1416,-572
1992,-1405,-587
1997,-1390,-606
1999,-1384,-614
2004,-1364,-640
2006,-1358,-648
2011,-1337,-674
2013,-1331,-681
2016,-1318,-697
2018,-1310,-707
2020,-1297,-723
2024,-1282,-741
2025,-1276,-748
2029,-1254,-774
2030,-1248,-782
2031,-1241,-789
2033,-1226,-807
2034,-1219,-815
2037,-1197,-840
2038,-1190,-847
2039,-1184,-855
2040,-1168,-872
2041,-1161,-880
2042,-1147,-894
2043,-1138,-904
2044,-1125,-919
2045,-1108,-936
2045,-1101,-944
2046,-1094,-951
2047,-1078,-968
2047,-1071,-975
2047,-1064,-982
2047,-1047,-999
2047,-1040,-1006
2047,-1033,-1014
2047,-1017,-1030
2047,-1009,-1037
2047,-1002,-1044
2047,-985,-1061
2047,-978,-1068
2047,-971,-1075
2046,-964,-1082
2046,-954,-1092
2045,-939,-1105
2044,-922,-1122
2044,-915,-1128
2043,-908,-1135
2042,-890,-1151
2041,-883,-1158
2041,-875,-1165
2039,-858,-1181
2038,-850,-1187
2037,-843,-1194
2036,-828,-1207
2035,-825,-1210
2034,-810,-1223
2031,-792,-1238
2030,-785,-1245
2029,-777,-1251
2026,-759,-1267
2025,-752,-1273
2024,-744,-1279
2021,-726,-1295
2020,-718,-1301
2018,-711,-1307
2015,-692,-1322
2014,-685,-1328
2012,-677,-1335
2008,-659,-1349
2007,-651,-1355
2005,-643,-1361
2001,-625,-1376
1999,-617,-1382
1998,-609,-1388
1993,-591,-1402
1991,-583,-1408
1987,-567,-1420
1985,-556,-1428
1981,-541,-1440
1979,-533,-1445
1976,-522,-1453
1971,-506,-1465
1969,-498,-1470
1966,-487,-1478
1961,-471,-1490
1956,-452,-1503
1953,-444,-1508
1951,-436,-1514
1945,-417,-1527
1942,-409,-1532
1937,-393,-1543
1933,-382,-1550
1928,-366,-1561
1925,-358,-1566
1921,-347,-1574
1913,-323,-1589
1909,-312,-1596
1903,-296,-1606
1900,-288,-1611
1895,-276,-1618
1889,-260,-1628
1881,-241,-1640
1878,-233,-1645
1867,-205,-1661
1864,-197,-1666
1860,-189,-1671
1852,-170,-1682
1849,-162,-1686
1837,-134,-1702
1833,-126,-1706
1826,-110,-1715
1821,-99,-1722
1813,-82,-1730
1804,-63,-1741
1800,-55,-1745
1787,-27,-1759
1783,-19,-1763
1769,8,-1777
1765,16,-1781
1757,32,-1789
1751,43,-1795
1742,60,-1802
1732,79,-1812
1723,95,-1819
1713,115,-1828
1704,131,-1835
1693,151,-1844
1684,167,-1851
1672,186,-1859
1668,194,-1862
1652,222,-1874
1642,238,-1880
1630,257,-1888
1620,273,-1894
1608,293,-1901
1598,309,-1907
1586,328,-1914
1576,344,-1920
1563,363,-1927
1552,379,-1932
1540,398,-1939
1534,406,-1941
1516,433,-1950
1505,449,-1955
1492,468,-1960
1486,476,-1963
1467,503,-1970
1461,511,-1973
1442,538,-1980
1436,545,-1982
1430,553,-1984
1416,572,-1989
1404,588,-1992
1390,606,-1997
1378,622,-2000
1364,640,-2004
1358,648,-2006
1352,656,-2008
1337,674,-2011
1324,689,-2014
1310,708,-2018
1303,715,-2019
1297,723,-2021
1282,741,-2024
1276,749,-2025
1254,774,-2029
1247,782,-2030
1241,789,-2031
1225,807,-2033
1219,815,-2034
1212,822,-2035
1197,840,-2037
1190,848,-2038
1177,862,-2039
1167,873,-2040
1161,880,-2041
1147,895,-2042
1138,905,-2043
1131,912,-2044
1108,937,-2045
1101,944,-2045
1094,951,-2046
1087,958,-2046
1078,968,-2047
1064,983,-2047
1057,990,-2047
1047,1000,-2047
1033,1014,-2047
1026,1021,-2047
1016,1031,-2047
1002,1045,-2047
995,1052,-2047
985,1061,-2047
971,1075,-2047
964,1082,-2046
954,1092,-2046
939,1106,-2045
932,1112,-2045
922,1122,-2044
915,1129,-2044
900,1142,-2043
890,1152,-2042
875,1165,-2041
868,1172,-2040
857,1181,-2039
850,1188,-2038
835,1201,-2037
825,1210,-2035
817,1217,-2034
802,1230,-2033
792,1239,-2031
784,1245,-2030
769,1258,-2028
759,1267,-2026
751,1273,-2025
736,1286,-2023
726,1295,-2021
718,1301,-2020
703,1314,-2017
692,1322,-2015
684,1329,-2013
