-1333,2012,-678
-1337,2011,-674
-1346,2009,-663
-1348,2009,-660
-1354,2007,-652
-1360,2005,-644
-1365,2004,-638
-1373,2002,-629
-1375,2001,-626
-1381,2000,-618
-1387,1998,-610
-1393,1996,-603
-1401,1993,-592
-1402,1993,-590
-1407,1992,-584
-1419,1988,-568
-1422,1987,-564
-1427,1985,-558
-1433,1983,-550
-1439,1981,-542
-1444,1979,-534
-1450,1977,-526
-1452,1976,-523
-1458,1974,-515
-1464,1972,-507
-1470,1969,-499
-1477,1966,-488
-1483,1964,-480
-1489,1962,-473
-1494,1959,-465
-1502,1956,-454
-1507,1954,-446
-1513,1951,-438
-1518,1949,-430
-1524,1946,-422
-1526,1945,-419
-1537,1940,-403
-1542,1937,-395
-1550,1934,-384
-1555,1931,-376
-1560,1928,-368
-1571,1923,-352
-1573,1922,-348
-1578,1919,-340
-1588,1913,-324
-1595,1909,-313
-1600,1906,-305
-1606,1903,-297
-1618,1896,-278
-1622,1893,-270
-1632,1886,-254
-1639,1882,-242
-1644,1879,-234
-1654,1872,-218
-1660,1868,-207
-1670,1861,-191
-1681,1853,-171
-1686,1849,-163
-1690,1846,-155
-1701,1837,-136
-1710,1830,-119
-1721,1821,-100
-1730,1814,-84
-1740,1805,-64
-1758,1787,-28
-1767,1779,-12
-1777,1770,6
-1794,1751,42
-1811,1733,78
-1843,1694,149
-2004,1365,639
-2011,1338,673
-2018,1311,706
-2019,1304,714
-2023,1283,740
-2025,1277,748
-2029,1255,773
-2030,1248,781
-2032,1235,796
-2033,1226,806
-2034,1220,814
-2036,1207,829
-2037,1198,839
-2038,1191,846
-2039,1178,861
-2040,1168,871
-2041,1164,876
-2041,1162,879
-2042,1148,893
-2043,1139,904
-2043,1135,908
-2044,1132,911
-2044,1119,925
-2045,1112,933
-2045,1109,935
-2045,1102,943
-2046,1095,950
-2046,1088,957
-2046,1079,967
-2047,1072,974
-2047,1065,981
-2047,1061,986
-2047,1058,989
-2047,1048,999
-2047,1044,1003
-2047,1041,1006
-2047,1034,1013
-2047,1027,1020
-2047,1017,1030
-2047,1016,1031
-2047,1010,1037
-2047,1003,1044
-2047,999,1048
-2047,996,1051
-2047,986,1060
-2047,973,1073
-2047,979,1067
-2047,972,1074
-2046,965,1081
-2046,958,1088
-2046,955,1091
-2046,950,1095
-2046,948,1098
-2045,940,1104
-2045,933,1111
-2044,926,1118
-2044,923,1121
-2044,919,1125
-2044,916,1128
-2043,908,1134
-2043,901,1141
-2042,891,1151
-2045,1113,931
-2041,884,1157
-2041,876,1164
-2040,869,1171
-2039,862,1177
-2039,859,1180
-2038,851,1187
-2038,847,1191
-2038,844,1193
-2037,836,1200
-2036,826,1209
-2035,824,1210
-2035,819,1216
-2034,811,1222
-2033,804,1229
-2032,799,1233
-2031,793,1238
-2030,786,1244
-2029,778,1251
-2028,769,1258
-2028,771,1257
-2027,760,1266
-2026,758,1267
-2025,753,1272
-2024,745,1279
-2023,737,1285
-2021,727,1294
-2021,725,1295
-2020,719,1300
-2019,712,1306
-2017,704,1313
-2015,693,1321
-2015,692,1323
-2014,686,1328
-2012,678,1334
-2010,669,1341
-2009,660,1348
-2008,655,1352
-2007,652,1355
-2005,644,1361
-2004,636,1367
-2001,626,1375
-2000,618,1381
-1998,613,1385
-1998,610,1387
-1993,592,1401
-1992,587,1405
-1992,584,1407
-1988,568,1419
-1986,560,1425
-1985,557,1427
-1983,549,1433
-1981,541,1439
-1977,526,1450
-1976,523,1453
-1974,515,1458
-1972,507,1464
-1967,491,1475
-1966,488,1478
-1962,472,1489
-1959,464,1494
-1956,453,1502
-1953,445,1508
-1951,437,1513
-1949,429,1519
-1945,418,1526
-1942,410,1532
-1940,402,1537
-1935,386,1548
-1934,383,1550
-1929,370,1558
-1928,367,1560
-1922,348,1573
-1919,340,1578
-1916,332,1583
-1909,313,1596
-1906,305,1601
-1903,297,1606
-1896,277,1618
-1893,269,1623
-1889,261,1628
-1882,242,1639
-1879,234,1644
-1875,226,1649
-1868,206,1661
-1864,198,1665
-1861,190,1670
-1853,171,1681
-1846,155,1690
-1838,138,1700
-1837,135,1701
-1830,119,1710
-1821,100,1721
-1814,83,1730
-1804,64,1740
-1801,56,1744
-1787,28,1759
-1783,20,1763
-1770,-7,1777
-1765,-15,1781
-1751,-42,1794
-1747,-51,1798
-1732,-78,1811
-1713,-114,1828
-1693,-150,1843
-1673,-185,1859
-1652,-221,1873
-1631,-256,1888
-1168,-872,2040
-1161,-879,2041
-1139,-904,2043
-1132,-911,2044
-1109,-936,2045
-1102,-943,2045
-1088,-957,2046
-1079,-967,2046
-1072,-975,2047
-1058,-989,2047
-1048,-999,2047
-1034,-1013,2047
-1037,-1010,2047
-1027,-1020,2047
-1017,-1030,2047
-1003,-1044,2047
-996,-1051,2047
-986,-1061,2047
-979,-1068,2047
-972,-1074,2047
-967,-1079,2046
-954,-1091,2046
-947,-1098,2046
-950,-1095,2046
-940,-1105,2045
-936,-1109,2045
-923,-1121,2044
-915,-1128,2044
-908,-1135,2043
-901,-1141,2043
-891,-1151,2042
-896,-1146,2042
-883,-1158,2041
-876,-1164,2041
-871,-1168,2040
-869,-1171,2040
-858,-1180,2039
-851,-1187,2038
-844,-1193,2038
-836,-1200,2037
-829,-1207,2036
-826,-1209,2035
-818,-1216,2035
-811,-1222,2034
-997,-1050,2047
-803,-1229,2033
-793,-1238,2031
-788,-1242,2031
-785,-1244,2030
-778,-1251,2029
-773,-1255,2029
-770,-1257,2028
-760,-1266,2027
-752,-1273,2025
-745,-1279,2024
-737,-1285,2023
-740,-1283,2023
-727,-1294,2021
-862,-1177,2039
-719,-1300,2020
-711,-1307,2018
-704,-1313,2017
-707,-1311,2018
-693,-1322,2015
-685,-1328,2014
-678,-1334,2012
-673,-1338,2011
-670,-1340,2011
-659,-1349,2008
-652,-1355,2007
-644,-1361,2005
-716,-1303,2019
-636,-1367,2004
-625,-1375,2001
-624,-1377,2001
-618,-1381,1999
-610,-1387,1998
-602,-1393,1996
-591,-1402,1993
-583,-1408,1991
-579,-1411,1990
-576,-1413,1990
-571,-1417,1988
-557,-1427,1985
-549,-1433,1983
-541,-1439,1981
-533,-1445,1979
-525,-1451,1977
-522,-1453,1976
-515,-1459,1974
-507,-1464,1971
-499,-1470,1969
-488,-1478,1966
-480,-1483,1964
-472,-1489,1961
-464,-1495,1959
-459,-1498,1958
-453,-1502,1956
-445,-1508,1953
-429,-1519,1948
-432,-1517,1949
-418,-1526,1945
-410,-1532,1942
-394,-1543,1937
-386,-1548,1935
-383,-1550,1933
-370,-1559,1929
-367,-1561,1928
-348,-1573,1921
-340,-1578,1919
-332,-1584,1916
-327,-1587,1914
-313,-1596,1909
-304,-1601,1906
-288,-1611,1900
-277,-1618,1896
-269,-1623,1892
-261,-1628,1889
-242,-1640,1882
-234,-1644,1879
-217,-1654,1872
-206,-1661,1867
-198,-1666,1864
-171,-1681,1852
-162,-1686,1849
-154,-1691,1845
-135,-1702,1837
-119,-1711,1830
-99,-1721,1821
-91,-1726,1817
-63,-1740,1804
-28,-1759,1787
433,-1950,1516
7,-1777,1769
43,-1794,1751
78,-1811,1732
150,-1844,1693
707,-2018,1310
722,-2020,1298
741,-2023,1282
756,-2026,1270
774,-2029,1254
781,-2030,1248
789,-2031,1241
804,-2033,1228
807,-2033,1226
822,-2035,1213
837,-2037,1200
839,-2037,1197
854,-2039,1184
862,-2039,1177
872,-2040,1168
879,-2041,1161
887,-2042,1154
894,-2042,1148
901,-2043,1141
904,-2043,1138
911,-2044,1132
923,-2044,1121
926,-2044,1118
936,-2045,1108
943,-2045,1102
951,-2046,1095
958,-2046,1088
965,-2046,1081
968,-2047,1078
975,-2047,1071
982,-2047,1064
986,-2047,1060
989,-2047,1057
999,-2047,1048
1006,-2047,1041
1011,-2047,1036
1013,-2047,1034
1027,-2047,1020
1030,-2047,1017
1037,-2047,1010
1041,-2047,1005
1044,-2047,1003
1051,-2047,996
1058,-2047,988
1061,-2047,986
1068,-2047,979
1075,-2047,971
1079,-2046,967
1082,-2046,964
1091,-2046,954
1090,-2046,955
1098,-2046,947
1105,-2045,940
1112,-2045,932
1119,-2044,925
1121,-2044,922
1128,-2044,915
1135,-2043,908
1142,-2043,901
1146,-2042,896
1151,-2042,890
1155,-2042,886
1158,-2041,883
1165,-2041,876
1171,-2040,868
1178,-2039,861
1180,-2039,858
1187,-2038,851
1194,-2037,843
1200,-2037,836
1202,-2036,834
1210,-2035,825
1214,-2035,821
1216,-2035,818
1229,-2033,803
1236,-2032,796
1238,-2031,793
1245,-2030,785
1251,-2029,778
1253,-2029,776
1258,-2028,770
1266,-2026,760
1273,-2025,752
1277,-2025,747
1279,-2024,744
1286,-2023,737
1292,-2022,729
1294,-2021,726
1307,-2018,711
1313,-2017,703
1319,-2016,696
1322,-2015,693
1328,-2014,685
1334,-2012,677
1340,-2011,670
1347,-2009,662
1349,-2008,659
1359,-2006,646
1361,-2005,643
1367,-2003,636
1376,-2001,625
1382,-1999,617
1394,-1996,602
1400,-1994,594
1402,-1993,591
1408,-1991,583
1414,-1989,575
1420,-1988,567
1428,-1985,557
1434,-1983,549
1439,-1981,541
1445,-1979,533
1453,-1976,522
1459,-1974,514
1465,-1971,506
1470,-1969,498
1478,-1966,487
1484,-1964,479
1495,-1959,464
1503,-1956,453
1508,-1953,445
1514,-1951,437
1525,-1946,421
1527,-1945,418
1532,-1942,410
1548,-1934,386
1550,-1933,383
1556,-1931,375
1566,-1925,359
1573,-1921,347
1579,-1918,339
1589,-1913,323
1596,-1909,312
1601,-1906,304
1606,-1903,296
1618,-1895,277
1623,-1892,269
1628,-1889,261
1640,-1882,241
1645,-1878,233
1659,-1869,209
1661,-1867,206
1670,-1861,190
1682,-1852,170
1686,-1849,162
1700,-1838,138
1702,-1837,135
1711,-1830,118
1721,-1821,99
1726,-1817,91
1740,-1804,63
1745,-1800,55
1759,-1787,27
1767,-1779,11
1777,-1769,-7
1795,-1751,-43
1997,-1390,-606
1811,-1732,-79
1828,-1713,-115
1844,-1693,-150
1874,-1652,-221
2040,-1168,-872
2041,-1161,-880
2042,-1147,-894
2043,-1138,-904
2044,-1125,-919
2045,-1108,-936
2045,-1101,-944
2046,-1094,-951
2046,-1081,-965
2047,-1078,-968
2047,-1064,-982
2047,-1050,-997
2047,-1047,-999
2047,-1040,-1006
2047,-1033,-1014
2047,-1019,-1028
2047,-1017,-1030
2047,-1009,-1037
2047,-1002,-1044
2047,-988,-1058
2047,-985,-1061
2047,-978,-1068
2047,-971,-1075
2046,-964,-1082
2046,-957,-1089
2046,-954,-1092
2046,-947,-1098
2045,-939,-1105
2045,-932,-1112
2044,-925,-1119
2044,-922,-1122
2044,-915,-1128
2043,-908,-1135
2042,-893,-1149
2041,-884,-1157
2042,-890,-1151
2041,-878,-1162
2041,-875,-1165
2040,-871,-1169
2039,-861,-1178
2039,-858,-1181
2038,-850,-1187
2037,-843,-1194
2037,-835,-1201
2036,-828,-1207
2035,-823,-1211
2035,-825,-1210
2034,-810,-1223
2033,-803,-1229
2032,-795,-1236
2031,-788,-1242
2031,-792,-1238
2030,-785,-1245
2028,-770,-1258
2022,-730,-1291
2027,-762,-1264
2026,-759,-1267
2025,-752,-1273
2024,-744,-1279
2023,-736,-1286
2022,-729,-1292
2021,-724,-1296
2021,-726,-1295
2018,-711,-1307
2017,-703,-1313
2016,-695,-1320
2015,-691,-1323
2015,-692,-1322
2014,-685,-1328
2012,-677,-1335
2010,-665,-1344
2009,-662,-1347
2008,-659,-1349
2006,-646,-1359
2005,-643,-1361
2004,-638,-1365
2002,-628,-1374
2001,-625,-1376
1999,-617,-1382
1996,-601,-1394
1994,-594,-1400
1993,-589,-1403
1993,-591,-1402
1991,-583,-1408
1987,-567,-1420
1985,-559,-1426
1985,-556,-1428
1983,-548,-1434
1981,-541,-1440
1979,-533,-1445
1976,-525,-1451
1976,-522,-1453
1973,-514,-1459
1969,-498,-1470
1968,-493,-1474
1966,-487,-1478
1964,-479,-1484
1961,-471,-1490
1957,-455,-1501
1956,-452,-1503
1953,-444,-1508
1951,-436,-1514
1946,-420,-1525
1945,-417,-1527
1942,-409,-1532
1940,-401,-1538
1934,-385,-1548
1933,-382,-1550
1931,-374,-1556
1922,-350,-1572
1921,-347,-1574
1918,-339,-1579
1915,-331,-1584
1909,-312,-1596
1906,-304,-1601
1903,-296,-1606
1895,-276,-1618
1892,-268,-1623
1889,-260,-1628
1881,-241,-1640
1875,-225,-1650
1867,-205,-1661
1864,-197,-1666
1852,-170,-1682
1849,-162,-1686
1837,-134,-1702
1821,-99,-1722
1804,-63,-1741
1787,-27,-1759
1769,8,-1777
1384,614,-1999
1364,640,-2004
1358,648,-2006
1345,663,-2009
1337,674,-2011
1324,689,-2014
1318,697,-2016
1310,708,-2018
1297,723,-2021
1291,731,-2022
1282,741,-2024
1276,749,-2025
1272,753,-2026
1263,764,-2027
1254,774,-2029
1247,782,-2030
1241,789,-2031
1234,797,-2032
1225,807,-2033
1219,815,-2034
1212,822,-2035
1208,827,-2036
1206,830,-2036
1197,840,-2037
1190,848,-2038
1183,855,-2039
1191,846,-2038
1177,862,-2039
1167,873,-2040
1161,880,-2041
1154,887,-2042
1157,884,-2041
1147,895,-2042
1150,892,-2042
1138,905,-2043
1131,912,-2044
1124,919,-2044
1130,914,-2044
1117,927,-2045
1123,921,-2044
1108,937,-2045
1104,941,-2045
1101,944,-2045
1100,946,-2046
1087,958,-2046
1095,950,-2046
1078,968,-2047
1071,976,-2047
1064,983,-2047
1069,977,-2047
1057,990,-2047
1062,984,-2047
1047,1000,-2047
1040,1007,-2047
1036,1011,-2047
1033,1014,-2047
1026,1021,-2047
1034,1013,-2047
1019,1028,-2047
1016,1031,-2047
1002,1045,-2047
1005,1042,-2047
995,1052,-2047
998,1049,-2047
985,1061,-2047
978,1068,-2047
981,1066,-2047
971,1075,-2047
964,1082,-2046
972,1074,-2047
954,1092,-2046
949,1096,-2046
946,1099,-2046
939,1106,-2045
932,1112,-2045
938,1107,-2045
925,1119,-2044
922,1122,-2044
907,1136,-2043
913,1130,-2044
900,1142,-2043
908,1134,-2043
890,1152,-2042
882,1158,-2041
875,1165,-2041
868,1172,-2040
873,1167,-2040
857,1181,-2039
853,1185,-2038
850,1188,-2038
835,1201,-2037
838,1198,-2037
834,1202,-2036
825,1210,-2035
810,1223,-2034
816,1218,-2034
802,1230,-2033
792,1239,-2031
784,1245,-2030
777,1252,-2029
786,1244,-2030
769,1258,-2028
759,1267,-2026
751,1273,-2025
744,1280,-2024
736,1286,-2023
726,1295,-2021
718,1301,-2020
710,1307,-2018
703,1314,-2017
706,1311,-2017
692,1322,-2015
684,1329,-2013
686,1328,-2014
669,1341,-2010
658,1349,-2008
651,1356,-2007
635,1368,-2003
624,1376,-2001
617,1382,-1999
609,1388,-1997
601,1394,-1996
590,1402,-1993
582,1408,-1991
575,1414,-1989
556,1428,-1985
548,1434,-1983
540,1440,-1981
532,1446,-1978
521,1454,-1976
506,1465,-1971
498,1471,-1969
487,1479,-1966
479,1484,-1964
471,1490,-1961
452,1503,-1956
436,1514,-1951
428,1520,-1948
417,1527,-1945
401,1538,-1939
393,1543,-1937
382,1551,-1933
366,1561,-1928
347,1574,-1921
339,1579,-1918
323,1589,-1912
311,1596,-1908
295,1607,-1902
287,1612,-1899
276,1619,-1895
260,1628,-1889
241,1640,-1881
224,1650,-1875
205,1661,-1867
197,1666,-1864
181,1676,-1857
170,1682,-1852
161,1687,-1849
134,1702,-1836
118,1711,-1829
98,1722,-1820
90,1726,-1817
74,1735,-1809
62,1741,-1804
27,1759,-1787
19,1764,-1783
-8,1777,-1769
-641,2005,-1363
-44,1795,-1751
-538,1980,-1442
-80,1812,-1732
-115,1828,-1712
-151,1844,-1693
-222,1874,-1651
-912,2044,-1131
-927,2045,-1117
-937,2045,-1108
-951,2046,-1094
-969,2047,-1077
-976,2047,-1070
-983,2047,-1064
-990,2047,-1057
-1000,2047,-1047
-1014,2047,-1033
-1021,2047,-1026
-1031,2047,-1016
-1038,2047,-1009
-1045,2047,-1002
-1052,2047,-995
-1059,2047,-988
-1062,2047,-985
-1069,2047,-978
-1083,2046,-963
-1092,2046,-953
-1099,2046,-946
-1103,2045,-942
-1106,2045,-939
-1113,2045,-932
-1122,2044,-921
-1126,2044,-917
-1129,2044,-914
-1136,2043,-907
-1143,2043,-900
-1149,2042,-892
-1152,2042,-889
-1159,2041,-882
-1169,2040,-870
-1172,2040,-867
-1181,2039,-857
-1188,2038,-850
-1189,2038,-848
-1195,2037,-842
-1201,2037,-835
-1208,2036,-827
-1210,2035,-825
-1217,2034,-817
-1223,2034,-810
-1227,2033,-805
-1230,2033,-802
-1239,2031,-792
-1245,2030,-784
-1249,2029,-780
-1252,2029,-777
-1260,2028,-767
-1267,2026,-759
-1274,2025,-751
-1278,2024,-746
-1280,2024,-743
-1286,2023,-736
-1293,2021,-728
-1295,2021,-725
-1301,2020,-718
-1308,2018,-710
-1314,2017,-702
-1320,2015,-695
-1323,2015,-692
-1329,2013,-684
-1333,2012,-679
-1335,2012,-676
-1341,2010,-669
-1347,2009,-661
-1350,2008,-658
-1360,2006,-646
-1362,2005,-643
-1368,2003,-635
-1376,2001,-624
-1382,1999,-616
-1386,1998,-612
-1388,1997,-608
-1394,1996,-601
-1400,1994,-593
-1403,1993,-590
-1409,1991,-582
-1414,1989,-574
-1420,1987,-566
-1426,1985,-559
-1428,1985,-556
-1434,1983,-548
-1444,1979,-535
-1446,1978,-532
-1454,1975,-521
-1460,1973,-513
-1695,1842,-146
-1465,1971,-505
-1471,1969,-497
-1479,1966,-486
-1484,1963,-479
-1490,1961,-471
-1496,1959,-463
-1501,1956,-455
-1503,1955,-452
-1509,1953,-444
-1520,1948,-428
-1527,1945,-417
-1533,1942,-409
-1538,1939,-401
-1541,1938,-396
-1544,1937,-393
-1551,1933,-382
-1561,1928,-366
-1567,1925,-358
-1572,1922,-350
-1574,1921,-346
-1584,1915,-330
-1590,1912,-322
-1597,1908,-311
-1602,1905,-303
-1607,1902,-295
-1619,1895,-276
-1624,1892,-268
-1629,1889,-260
-1639,1882,-243
-1640,1881,-240
-1650,1875,-224
-1662,1867,-205
-1666,1863,-197
-1671,1860,-189
-1682,1852,-169
-1687,1848,-161
-1696,1841,-145
-1702,1836,-134
-1711,1829,-117
-1722,1820,-98
-1726,1816,-90
-1741,1804,-62
-1971,1466,504
-1760,1786,-26
-1778,1769,8
-1795,1750,44
-1812,1732,80
-1828,1712,116
-2031,1240,790
-2033,1225,808
-2034,1218,815
-2036,1205,830
-2037,1196,841
-2038,1189,848
-2040,1176,863
-2040,1167,873
-2041,1160,881
-2042,1153,888
-2042,1147,895
-2043,1137,905
-2043,1133,910
-2044,1130,913
-2045,1117,927
-2045,1107,937
-2045,1103,942
-2046,1100,945
-2046,1092,953
-2046,1087,959
-2047,1077,969
-2047,1073,973
-2047,1070,976
-2047,1063,983
-2047,1056,990
-2047,1047,1000
-2047,1049,998
-2047,1040,1007
-2047,1033,1014
-2047,1028,1019
-2047,1025,1022
-2047,1021,1026
-2047,1016,1031
-2047,1009,1038
-2047,1001,1045
-2047,997,1050
-2047,994,1052
-2047,987,1059
-2047,984,1062
-2047,977,1069
-2047,970,1076
-2046,966,1080
-2046,963,1083
-2046,956,1090
-2046,953,1092
-2046,949,1097
-2046,946,1099
-2045,939,1106
-2045,931,1113
-2044,924,1120
-2044,921,1123
-2044,914,1129
-2043,909,1133
-2043,907,1136
-2043,898,1144
-2043,899,1143
-2041,885,1156
-2042,889,1152
-2041,877,1163
-2041,874,1166
-2040,867,1172
-2039,860,1179
-2039,857,1182
-2038,852,1186
-2038,849,1188
-2036,833,1203
-2037,837,1199
-2037,835,1201
-2035,824,1211
-2034,817,1217
-2034,812,1221
-2033,809,1224
-2033,802,1230
-2032,794,1237
-2031,791,1239
-2030,784,1246
-2029,776,1252
-2028,769,1259
-2027,761,1265
-2026,758,1268
-2026,754,1271
-2025,751,1274
-2023,738,1284
-2023,736,1287
-2021,725,1295
-2020,720,1299
-2020,717,1302
-2018,710,1308
-2017,702,1314
-2014,690,1324
-2015,691,1323
-2012,679,1333
-2012,676,1335
-2010,668,1341
-2008,658,1350
-2007,650,1356
-2005,642,1362
-2003,634,1368
-2002,627,1374
-2001,624,1377
-1999,616,1383
-1997,608,1389
-1994,593,1401
-1993,590,1403
-1991,582,1409
-1989,574,1415
-1987,566,1421
-1984,555,1429
-1982,547,1435
-1981,543,1438
-1980,540,1440
-1975,521,1454
-1973,513,1460
-1971,505,1466
-1969,497,1471
-1966,486,1479
-1963,478,1485
-1961,470,1490
-1956,454,1501
-1955,451,1504
-1953,443,1509
-1950,435,1515
-1944,416,1528
-1942,408,1533
-1939,400,1538
-1937,392,1544
-1933,381,1551
-1930,373,1556
-1925,357,1567
-1921,346,1574
-1918,338,1579
-1915,330,1585
-1908,311,1597
-1905,303,1602
-1902,295,1607
-1895,275,1619
-1892,267,1624
-1889,259,1629
-1881,240,1641
-1878,232,1645
-1875,224,1650
-1867,204,1662
-1863,196,1666
-1860,188,1671
-1852,169,1682
-1848,161,1687
-1841,144,1696
-1836,133,1702
-1829,117,1711
-1820,98,1722
-1816,89,1726
-1813,81,1731
-1803,62,1741
-1796,45,1750
-1786,26,1760
-1782,18,1764
-1768,-9,1778
-1764,-17,1782
-1750,-44,1795
-1309,-709,2018
-1731,-80,1812
-1389,-607,1997
-1712,-116,1828
-1692,-152,1844
-1672,-187,1860
-1651,-223,1874
-1608,-294,1902
-1063,-984,2047
-1056,-991,2047
-1046,-1001,2047
-1032,-1015,2047
-1028,-1019,2047
-1015,-1032,2047
-1008,-1039,2047
-1001,-1046,2047
-984,-1062,2047
-977,-1069,2047
-970,-1076,2047
-965,-1080,2046
-953,-1093,2046
-951,-1094,2046
-945,-1100,2046
-938,-1106,2045
-931,-1113,2045
-921,-1123,2044
-914,-1130,2044
-906,-1136,2043
-899,-1143,2043
-889,-1153,2042
-892,-1150,2042
-881,-1159,2041
-874,-1166,2041
-867,-1173,2040
-859,-1179,2039
-856,-1182,2039
-849,-1189,2038
-842,-1195,2037
-1067,-980,2047
-834,-1202,2036
-824,-1211,2035
-816,-1217,2034
-809,-1224,2033
-801,-1231,2032
-794,-1237,2031
-791,-1240,2031
-784,-1246,2030
-776,-1252,2029
-964,-1082,2046
-768,-1259,2028
-758,-1268,2026
-756,-1269,2026
-750,-1274,2025
-743,-1281,2024
-738,-1284,2023
-735,-1287,2023
-725,-1296,2021
-717,-1302,2019
-712,-1306,2019
-702,-1314,2017
-691,-1323,2015
-694,-1321,2015
-683,-1329,2013
-676,-1336,2012
-674,-1337,2011
-668,-1342,2010
-657,-1350,2008
-650,-1356,2006
-645,-1360,2005
-642,-1362,2005
-634,-1368,2003
-623,-1377,2001
-616,-1383,1999
-608,-1389,1997
-611,-1387,1998
-600,-1395,1995
-589,-1403,1993
-587,-1404,1992
-581,-1409,1991
-574,-1415,1989
-566,-1421,1987
-555,-1429,1984
-547,-1435,1982
-539,-1441,1980
-531,-1446,1978
-523,-1452,1976
-520,-1454,1975
-513,-1460,1973
-505,-1466,1971
-497,-1471,1969
-486,-1479,1966
-478,-1485,1963
-481,-1483,1964
-470,-1490,1961
-465,-1494,1959
-451,-1504,1955
-443,-1509,1953
-435,-1515,1950
-427,-1520,1948
-416,-1528,1944
-408,-1533,1942
-400,-1539,1939
-392,-1544,1937
-381,-1551,1933
-376,-1555,1931
-373,-1557,1930
-357,-1567,1925
-346,-1574,1921
-338,-1580,1918
-330,-1585,1915
-322,-1590,1912
-310,-1597,1908
-302,-1602,1905
-286,-1612,1899
-275,-1619,1895
-267,-1624,1892
-259,-1629,1889
-240,-1641,1881
-232,-1646,1878
-223,-1651,1874
-215,-1655,1871
-204,-1662,1867
-196,-1667,1863
-169,-1683,1852
-160,-1687,1848
-152,-1692,1845
-133,-1703,1836
-125,-1707,1832
-117,-1712,1829
-97,-1722,1820
-89,-1727,1816
-61,-1741,1803
-53,-1746,1799
-26,-1760,1786
-18,-1764,1782
9,-1778,1768
25,-1786,1760
45,-1795,1750
81,-1812,1731
116,-1829,1712
188,-1860,1672
709,-2018,1309
724,-2021,1296
742,-2024,1281
758,-2026,1268
776,-2029,1253
798,-2032,1233
809,-2033,1224
824,-2035,1211
841,-2037,1195
849,-2038,1189
856,-2039,1182
874,-2041,1166
881,-2041,1160
889,-2042,1153
896,-2042,1146
906,-2043,1137
913,-2044,1130
921,-2044,1123
935,-2045,1109
938,-2045,1107
945,-2046,1100
952,-2046,1093
960,-2046,1086
970,-2047,1077
977,-2047,1070
984,-2047,1063
991,-2047,1056
1001,-2047,1046
1005,-2047,1042
1008,-2047,1039
1015,-2047,1032
1022,-2047,1025
1032,-2047,1015
1033,-2047,1013
1039,-2047,1008
1046,-2047,1001
1053,-2047,994
1060,-2047,987
1063,-2047,984
1071,-2047,975
1070,-2047,977
1083,-2046,962
1088,-2046,958
1093,-2046,952
1100,-2046,945
1104,-2045,941
1107,-2045,938
1114,-2045,931
1120,-2044,923
1123,-2044,921
1127,-2044,916
1130,-2044,913
1141,-2043,902
1143,-2043,899
1153,-2042,889
1160,-2041,881
1164,-2041,877
1166,-2041,874
1173,-2040,866
1180,-2039,859
1182,-2039,856
1189,-2038,849
1195,-2037,841
941,-2045,1104
1202,-2036,834
1211,-2035,824
1215,-2035,819
1218,-2034,816
1224,-2033,809
1231,-2032,801
1237,-2031,794
1240,-2031,791
1246,-2030,783
1253,-2029,776
1259,-2028,768
1268,-2026,758
1269,-2026,756
1274,-2025,750
1281,-2024,742
1287,-2023,735
1293,-2021,727
1296,-2021,724
1302,-2019,717
1308,-2018,709
1315,-2017,701
1321,-2015,694
1323,-2015,691
1330,-2013,683
1337,-2011,674
1342,-2010,668
1350,-2008,657
1354,-2007,652
1357,-2006,649
1369,-2003,634
1372,-2002,629
1377,-2001,623
1383,-1999,615
1389,-1997,608
1395,-1995,600
1403,-1993,589
1407,-1992,584
1409,-1991,581
1421,-1987,565
1429,-1984,555
1435,-1982,547
1441,-1980,539
1447,-1978,531
1455,-1975,520
1460,-1973,512
1466,-1971,504
1472,-1969,496
1480,-1965,485
1485,-1963,478
1491,-1961,470
1496,-1958,462
1504,-1955,451
1510,-1953,443
1520,-1948,427
1528,-1944,416
1533,-1942,408
1539,-1939,400
1544,-1936,392
1552,-1933,381
1557,-1930,373
1567,-1924,357
1575,-1921,345
1580,-1918,337
1585,-1915,329
1597,-1908,310
1602,-1905,302
1607,-1902,294
1619,-1895,275
1624,-1892,267
1629,-1888,259
1634,-1885,251
1641,-1881,239
1651,-1874,223
1660,-1868,207
1662,-1866,204
1672,-1860,188
1683,-1851,168
1687,-1848,160
1692,-1844,152
1703,-1836,133
1707,-1832,124
1712,-1829,116
1722,-1820,97
1727,-1816,89
1742,-1803,61
1746,-1799,53
1754,-1791,37
1760,-1786,25
1768,-1778,9
1778,-1768,-9
1786,-1760,-26
1795,-1750,-45
1799,-1746,-53
1812,-1731,-81
2012,-1336,-676
1829,-1712,-117
1845,-1692,-152
1860,-1671,-188
1874,-1651,-223
1889,-1629,-259
1927,-1562,-365
2047,-1055,-991
2047,-1046,-1001
2047,-1034,-1013
2047,-1032,-1015
2047,-1015,-1032
2047,-1008,-1039
2047,-993,-1053
2047,-984,-1063
2047,-979,-1067
2047,-976,-1070
2046,-962,-1084
2046,-955,-1091
2046,-952,-1093
2046,-945,-1100
2045,-930,-1114
2044,-923,-1121
2044,-920,-1123
2044,-913,-1130
2043,-906,-1137
2042,-891,-1150
2042,-888,-1153
2041,-884,-1157
2041,-881,-1160
2040,-866,-1173
2039,-856,-1182
2038,-851,-1186
2038,-848,-1189
2037,-841,-1196
2036,-834,-1202
2035,-823,-1211
2035,-819,-1215
2034,-816,-1218
2033,-808,-1225
2032,-801,-1231
2031,-793,-1238
2031,-790,-1240
2030,-783,-1247
2029,-775,-1253
2027,-763,-1263
2026,-757,-1268
2024,-743,-1280
2025,-750,-1275
2024,-742,-1281
2021,-727,-1294
2021,-724,-1296
2020,-719,-1300
2019,-716,-1302
2018,-709,-1309
2015,-693,-1321
2014,-689,-1325
2015,-690,-1324
2013,-683,-1330
2011,-670,-1340
2010,-667,-1342
2008,-657,-1351
2006,-649,-1357
2005,-644,-1361
2005,-641,-1363
2001,-626,-1375
2001,-623,-1377
1999,-615,-1383
1997,-607,-1389
1995,-599,-1395
1993,-589,-1404
1992,-584,-1407
1991,-581,-1410
1989,-573,-1415
1987,-565,-1421
1984,-554,-1429
1982,-546,-1435
1980,-539,-1441
1978,-531,-1447
1975,-520,-1455
1974,-515,-1458
1973,-512,-1461
1971,-504,-1466
1965,-483,-1481
1965,-485,-1480
1963,-477,-1485
1958,-461,-1497
1955,-450,-1504
1954,-445,-1508
1953,-442,-1510
1948,-426,-1521
1944,-415,-1528
1943,-410,-1532
1942,-407,-1534
1936,-391,-1544
1933,-380,-1552
1930,-372,-1557
1927,-364,-1562
1920,-345,-1575
1918,-337,-1580
1915,-329,-1585
1908,-310,-1597
1905,-302,-1603
1902,-294,-1608
1896,-278,-1618
1895,-274,-1620
1891,-266,-1625
1881,-239,-1641
1877,-231,-1646
1874,-223,-1651
1866,-203,-1662
1863,-195,-1667
1851,-168,-1683
1848,-160,-1688
1836,-132,-1703
1832,-124,-1708
1820,-96,-1723
1816,-88,-1727
1803,-61,-1742
1786,-25,-1760
1768,10,-1778
1750,45,-1796
1731,81,-1813
1692,153,-1845
1650,224,-1875
1538,400,-1939
1515,435,-1950
1466,505,-1971
1440,540,-1980
1415,574,-1989
1403,590,-1993
1389,608,-1997
1371,631,-2003
1362,642,-2005
1344,665,-2010
1335,676,-2012
1323,691,-2015
1308,710,-2018
1302,717,-2020
1289,733,-2022
1280,743,-2024
1274,751,-2025
1261,766,-2027
1252,776,-2029
1246,784,-2030
1239,791,-2031
1233,799,-2032
1224,809,-2033
1217,817,-2034
1204,832,-2036
1207,829,-2036
1195,842,-2037
1188,849,-2038
1182,857,-2039
1175,864,-2040
1166,874,-2041
1159,882,-2041
1152,889,-2042
1146,896,-2042
1136,907,-2043
1129,914,-2044
1135,908,-2043
1123,921,-2044
1116,928,-2045
1106,939,-2045
1102,943,-2045
1099,946,-2046
1092,953,-2046
1086,960,-2046
1076,970,-2047
1079,967,-2046
1069,977,-2047
1062,984,-2047
1067,979,-2047
1055,992,-2047
1045,1001,-2047
1038,1009,-2047
1031,1016,-2047
1034,1013,-2047
1024,1023,-2047
1014,1032,-2047
1010,1037,-2047
1007,1040,-2047
1000,1047,-2047
996,1051,-2047
983,1063,-2047
986,1060,-2047
976,1070,-2047
969,1077,-2047
962,1084,-2046
965,1081,-2046
952,1094,-2046
947,1098,-2046
945,1100,-2046
937,1107,-2045
930,1114,-2045
933,1112,-2045
920,1124,-2044
913,1130,-2044
905,1137,-2043
911,1132,-2044
898,1144,-2043
888,1153,-2042
891,1151,-2042
881,1160,-2041
873,1167,-2040
866,1173,-2040
869,1171,-2040
856,1183,-2039
848,1189,-2038
841,1196,-2037
844,1193,-2038
823,1212,-2035
826,1209,-2036
815,1218,-2034
808,1225,-2033
814,1220,-2034
801,1231,-2032
790,1240,-2031
783,1247,-2030
775,1253,-2029
778,1251,-2029
767,1260,-2028
757,1269,-2026
749,1275,-2025
742,1281,-2024
734,1288,-2022
724,1296,-2021
716,1303,-2019
708,1309,-2018
711,1307,-2018
701,1315,-2017
690,1324,-2015
682,1330,-2013
675,1336,-2012
667,1342,-2010
656,1351,-2008
649,1357,-2006
641,1363,-2005
647,1358,-2006
622,1378,-2001
615,1384,-1999
607,1390,-1997
599,1396,-1995
588,1404,-1993
580,1410,-1991
573,1416,-1989
554,1430,-1984
546,1435,-1982
538,1441,-1980
541,1439,-1981
519,1455,-1975
512,1461,-1973
504,1466,-1971
496,1472,-1968
485,1480,-1965
469,1491,-1961
464,1495,-1959
450,1504,-1955
442,1510,-1952
426,1521,-1948
415,1528,-1944
407,1534,-1941
402,1537,-1940
380,1552,-1932
372,1557,-1930
367,1561,-1928
345,1575,-1920
337,1580,-1918
321,1591,-1912
309,1598,-1908
301,1603,-1905
285,1613,-1899
274,1620,-1894
266,1625,-1891
239,1641,-1881
231,1646,-1877
226,1649,-1875
203,1663,-1866
195,1667,-1863
190,1670,-1861
167,1683,-1851
159,1688,-1848
132,1703,-1836
124,1708,-1832
116,1712,-1828
96,1723,-1819
88,1727,-1816
60,1742,-1803
52,1746,-1799
25,1760,-1786
17,1765,-1782
8,1769,-1778
-10,1778,-1768
-18,1782,-1764
-46,1796,-1750
-82,1813,-1731
-90,1816,-1726
-117,1829,-1711
-153,1845,-1691
-189,1860,-1671
-224,1875,-1650
-260,1889,-1629
-330,1915,-1584
-939,2045,-1106
-946,2046,-1099
-970,2047,-1076
-978,2047,-1069
-992,2047,-1055
-1002,2047,-1045
-1016,2047,-1031
-1023,2047,-1024
-1033,2047,-1014
-1040,2047,-1007
-1054,2047,-993
-1063,2047,-983
-1070,2047,-976
-1077,2047,-969
-1089,2046,-957
-1094,2046,-951
-1101,2046,-944
-1112,2045,-933
-1114,2045,-930
-1124,2044,-920
-1131,2044,-912
-1138,2043,-905
-1144,2043,-898
-1154,2042,-888
-1160,2041,-880
-1167,2040,-873
-1174,2040,-866
-1180,2039,-858
-1183,2039,-855
-1190,2038,-848
-1196,2037,-840
-1203,2036,-833
-1212,2035,-823
-1216,2035,-818
-1219,2034,-815
-1225,2033,-808
-1232,2032,-800
-1238,2031,-793
-1241,2031,-790
-1251,2029,-778
-1254,2029,-775
-1260,2028,-767
-1266,2026,-760
-1269,2026,-757
-1275,2025,-749
-1157,2041,-884
-1288,2022,-734
-1297,2021,-723
-1301,2020,-719
-1303,2019,-716
-1309,2018,-708
-1317,2016,-699
-1324,2014,-690
-1328,2014,-685
-1330,2013,-682
-1337,2012,-674
-1343,2010,-667
-1349,2008,-659
-1351,2008,-656
-1357,2006,-648
-1365,2004,-639
-1370,2003,-633
-1378,2000,-622
-1382,1999,-617
-1384,1999,-614
-1394,1996,-602
-1396,1995,-599
-1404,1993,-588
-1410,1991,-580
-1416,1989,-572
-1423,1986,-563
-1422,1987,-564
-1430,1984,-554
-1436,1982,-546
-1442,1980,-538
-1447,1978,-530
-1455,1975,-519
-1461,1973,-511
-1467,1971,-503
-1472,1968,-495
-1480,1965,-484
-1486,1963,-477
-1491,1961,-469
-1498,1958,-459
-1497,1958,-461
-1505,1955,-450
-1516,1950,-434
-1521,1947,-426
-1529,1944,-415
-1534,1941,-407
-1539,1939,-399
-1545,1936,-391
-1552,1932,-380
-1558,1930,-372
-1563,1927,-364
-1575,1920,-344
-1581,1917,-336
-1586,1915,-328
-1591,1912,-320
-1598,1908,-309
-1603,1905,-301
-1613,1899,-285
-1620,1894,-274
-1625,1891,-266
-1636,1884,-248
-1642,1880,-238
-1646,1877,-230
-1656,1871,-214
-1663,1866,-203
-1672,1859,-187
-1683,1851,-167
-1688,1847,-159
-1703,1835,-131
-1708,1832,-123
-1712,1828,-115
-1723,1819,-96
-1736,1808,-71
-1742,1803,-60
-1761,1785,-24
-1769,1777,-8
-1779,1768,10
-1796,1749,46
-1813,1730,82
-1829,1711,118
-1845,1691,153
-1875,1650,224
-1997,1388,609
-2005,1362,643
-2012,1335,677
-2015,1322,692
-2018,1307,710
-2022,1289,733
-2024,1280,744
-2028,1261,766
-2029,1252,777
-2030,1245,784
-2033,1226,807
-2034,1223,810
-2035,1210,825
-2037,1197,840
-2037,1194,843
-2040,1174,865
-2040,1170,869
-2041,1165,875
-2041,1158,882
-2042,1145,897
-2043,1138,904
-2043,1136,907
-2044,1122,922
-2045,1115,929
-2045,1108,936
-2045,1106,939
-2046,1092,954
-2046,1085,961
-2046,1081,965
-2047,1075,971
-2047,1068,978
-2047,1057,989
-2047,1055,992
-2047,1045,1002
-2047,1036,1011
-2047,1038,1009
-2047,1026,1021
-2048,1024,1023
-2047,1014,1033
-2047,1010,1037
-2047,1007,1040
-2047,998,1049
-2047,993,1054
-2047,983,1064
-2047,985,1061
-2047,976,1071
-2038,1191,846
-2047,968,1078
-2046,957,1089
-2046,951,1094
-2046,947,1098
-2045,944,1101
-2045,932,1112
-2045,929,1115
-2044,919,1124
-2044,915,1128
-2044,912,1131
-2043,905,1138
-2044,1126,918
-2043,897,1145
-2042,887,1154
-2041,880,1161
-2041,875,1165
-2040,873,1167
-2040,865,1174
-2039,855,1183
-2038,849,1189
-2038,848,1190
-2037,838,1198
-2037,840,1197
-2035,824,1211
-2035,822,1212
-2034,815,1219
-2033,807,1225
-2033,803,1229
-2032,800,1232
-2031,792,1238
-2031,789,1241
-2030,782,1247
-2029,774,1254
-2028,767,1260
-2027,762,1264
-2026,756,1269
-2025,749,1276
-2024,741,1282
-2022,734,1288
-2021,726,1295
-2021,723,1297
-2019,715,1303
-2018,708,1310
-2017,703,1313
-2016,700,1316
-2014,689,1324
-2013,682,1331
-2011,674,1337
-2010,666,1343
-2009,662,1347
-2008,656,1351
-2006,648,1358
-2004,640,1364
-2003,633,1370
-2000,622,1378
-1999,617,1382
-1999,614,1384
-1996,601,1394
-1995,598,1396
-1992,588,1404
-1991,580,1410
-1989,572,1416
-1987,564,1422
-1984,553,1430
-1982,545,1436
-1980,538,1442
-1978,530,1448
-1975,519,1456
-1973,511,1461
-1970,503,1467
-1968,495,1473
-1965,484,1480
-1963,476,1486
-1960,468,1492
-1958,460,1497
-1955,449,1505
-1952,441,1510
-1950,433,1516
-1947,425,1521
-1944,414,1529
-1941,406,1534
-1939,398,1540
-1933,382,1550
-1932,379,1552
-1927,363,1563
-1924,355,1568
-1920,344,1576
-1917,336,1581
-1914,328,1586
-1907,309,1598
-1904,301,1603
-1901,293,1608
-1898,285,1613
-1894,273,1620
-1888,257,1630
-1885,249,1635
-1880,238,1642
-1874,222,1652
-1866,202,1663
-1862,194,1668
-1857,181,1675
-1851,167,1684
-1847,159,1688
-1840,142,1697
-1835,131,1704
-1828,115,1713
-1824,107,1717
-1819,95,1723
-1808,71,1736
-1802,60,1742
-1795,43,1751
-1785,24,1761
-1781,16,1765
-1767,-11,1779
-1759,-27,1787
-1749,-46,1796
-1741,-63,1804
-1730,-82,1813
-1711,-118,1829
-1706,-126,1833
-1691,-154,1845
-1671,-189,1860
-1650,-225,1875
-1606,-296,1903
-1538,-401,1940
-1187,-850,2038
-1165,-875,2041
-1151,-890,2042
-1135,-908,2043
-1115,-929,2045
-1105,-939,2045
-1085,-961,2046
-1075,-971,2047
-1061,-985,2047
-1054,-992,2047
-1044,-1002,2047
-1030,-1017,2047
-1023,-1024,2047
-1014,-1033,2047
-999,-1047,2047
-992,-1054,2047
-982,-1064,2047
-975,-1071,2047
-968,-1078,2047
-961,-1085,2046
-951,-1094,2046
-944,-1101,2045
-936,-1108,2045
-929,-1115,2045
-919,-1124,2044
-912,-1131,2044
-907,-1135,2043
-904,-1138,2043
-897,-1145,2043
-887,-1154,2042
-880,-1161,2041
-872,-1168,2040
-865,-1174,2040
-855,-1184,2039
-858,-1181,2039
-847,-1190,2038
-840,-1197,2037
-832,-1203,2036
-828,-1207,2036
-822,-1213,2035
-815,-1219,2034
-807,-1226,2033
-800,-1232,2032
-795,-1236,2032
-789,-1241,2031
-785,-1245,2030
-782,-1248,2030
-767,-1260,2028
-769,-1258,2028
-756,-1269,2026
-748,-1276,2025
-741,-1282,2024
-898,-1144,2043
-733,-1288,2022
-729,-1292,2021
-723,-1297,2020
-715,-1304,2019
-707,-1310,2018
-700,-1316,2016
-695,-1320,2015
-689,-1325,2014
-681,-1331,2013
-674,-1337,2011
-672,-1338,2011
-666,-1343,2010
-655,-1352,2008
-648,-1358,2006
-640,-1364,2004
-635,-1368,2003
-632,-1370,2003
-621,-1378,2000
-617,-1382,1999
-614,-1384,1999
-606,-1390,1997
-598,-1396,1995
-587,-1405,1992
-579,-1411,1991
-572,-1416,1989
-570,-1418,1988
-564,-1422,1987
-553,-1430,1984
-545,-1436,1982
-537,-1442,1980
-529,-1448,1978
-525,-1451,1976
-518,-1456,1975
-511,-1461,1973
-503,-1467,1970
-495,-1473,1968
-487,-1478,1966
-484,-1481,1965
-468,-1492,1960
-460,-1497,1958
-449,-1505,1955
-441,-1511,1952
-433,-1516,1950
-428,-1519,1948
-414,-1529,1944
-417,-1527,1945
-406,-1535,1941
-398,-1540,1938
-385,-1549,1934
-379,-1553,1932
-363,-1563,1927
-355,-1569,1924
-344,-1576,1920
-336,-1581,1917
-328,-1586,1914
-320,-1591,1911
-308,-1598,1907
-300,-1603,1904
-284,-1613,1898
-273,-1620,1894
-265,-1625,1891
-249,-1635,1885
-238,-1642,1880
-221,-1652,1874
-213,-1657,1870
-202,-1663,1866
-186,-1673,1859
-166,-1684,1851
-158,-1688,1847
-150,-1693,1844
-131,-1704,1835
-115,-1713,1828
-95,-1723,1819
-79,-1732,1811
-59,-1742,1802
-43,-1751,1795
-24,-1761,1785
11,-1779,1767
47,-1796,1749
83,-1813,1730
154,-1845,1691
643,-2005,1361
677,-2012,1334
693,-2015,1322
711,-2018,1307
726,-2021,1294
744,-2024,1279
760,-2026,1266
778,-2029,1251
785,-2030,1245
800,-2032,1232
810,-2034,1223
818,-2035,1216
825,-2035,1210
840,-2037,1196
843,-2037,1194
858,-2039,1181
865,-2040,1174
876,-2041,1165
883,-2041,1158
890,-2042,1151
898,-2043,1144
908,-2043,1135
915,-2044,1128
922,-2044,1121
930,-2045,1115
931,-2045,1113
940,-2045,1105
947,-2046,1098
954,-2046,1091
961,-2046,1084
970,-2047,1076
971,-2047,1075
978,-2047,1068
986,-2047,1061
993,-2047,1054
1003,-2047,1044
1010,-2047,1037
1011,-2047,1036
1017,-2047,1030
1024,-2047,1023
1028,-2047,1019
1034,-2047,1013
1041,-2047,1006
1048,-2047,999
1055,-2047,992
1059,-2047,988
1064,-2047,982
1071,-2047,975
1078,-2047,968
1082,-2046,963
1085,-2046,961
1095,-2046,951
1102,-2045,943
1106,-2045,939
1108,-2045,936
1115,-2045,929
1119,-2044,924
1125,-2044,919
1132,-2044,911
1138,-2043,904
1145,-2042,897
1149,-2042,892
1154,-2042,887
1159,-2041,882
1161,-2041,879
1168,-2040,872
1175,-2040,865
1184,-2039,854
1181,-2039,857
1190,-2038,847
1195,-2037,842
1204,-2036,832
1208,-2036,828
1213,-2035,822
1219,-2034,814
1226,-2033,807
1232,-2032,799
1236,-2032,795
1241,-2031,789
1248,-2030,781
1254,-2029,774
1261,-2028,766
1265,-2027,762
1270,-2026,756
1276,-2025,748
1282,-2023,741
1289,-2022,733
1293,-2021,728
1298,-2020,722
1304,-2019,715
1310,-2018,707
1316,-2016,699
1325,-2014,689
1329,-2013,684
1331,-2013,681
1337,-2011,673
1343,-2010,666
1352,-2008,655
1356,-2007,650
1358,-2006,647
1370,-2003,632
1379,-2000,621
1376,-2001,624
1385,-1998,613
1394,-1996,601
1397,-1995,598
1405,-1992,587
1411,-1990,579
1423,-1987,564
1426,-1985,559
1431,-1984,553
1436,-1982,545
1442,-1980,537
1448,-1978,529
1456,-1975,518
1462,-1972,510
1473,-1968,494
1479,-1966,487
1481,-1965,483
1487,-1963,476
1498,-1958,460
1505,-1955,449
1511,-1952,441
1516,-1950,433
1529,-1944,414
1527,-1945,417
1535,-1941,406
1546,-1936,390
1553,-1932,379
1558,-1929,371
1569,-1924,355
1576,-1920,343
1581,-1917,335
1586,-1914,327
1599,-1907,308
1604,-1904,300
1614,-1898,284
1621,-1894,273
1626,-1891,265
1635,-1884,249
1642,-1880,237
1647,-1877,229
1657,-1870,213
1663,-1866,202
1668,-1862,194
1684,-1851,166
1689,-1847,158
1698,-1840,142
1704,-1835,130
1713,-1828,114
1724,-1819,95
1728,-1815,87
1743,-1802,59
1747,-1798,51
1761,-1785,23
1769,-1777,7
1779,-1767,-11
1787,-1759,-28
1796,-1749,-47
1813,-1730,-83
1830,-1711,-119
1845,-1691,-154
1861,-1670,-190
1875,-1649,-225
1916,-1584,-332
2041,-1164,-876
2041,-1158,-883
2043,-1144,-898
2043,-1135,-908
2045,-1117,-927
2045,-1105,-940
2046,-1098,-947
2046,-1087,-959
2047,-1075,-972
2047,-1068,-979
2047,-1054,-993
2047,-1044,-1003
2047,-1047,-1000
2047,-1037,-1010
2047,-1023,-1024
2047,-1013,-1034
2047,-1006,-1041
2047,-999,-1048
2047,-992,-1055
2047,-982,-1065
2047,-985,-1062
2047,-975,-1072
2046,-959,-1087
2046,-960,-1085
2046,-950,-1095
2045,-939,-1106
2045,-943,-1102
2045,-929,-1116
2044,-921,-1122
2044,-918,-1125
2044,-911,-1132
2043,-904,-1139
2042,-897,-1145
2042,-889,-1152
2042,-886,-1155
2041,-879,-1161
2040,-872,-1168
2040,-864,-1175
2038,-848,-1190
2039,-854,-1184
2038,-847,-1191
2037,-839,-1197
2036,-832,-1204
2035,-824,-1211
2035,-821,-1213
2034,-814,-1220
2033,-802,-1230
2033,-806,-1226
2032,-794,-1237
2031,-789,-1242
2030,-784,-1246
2030,-781,-1248
2029,-773,-1255
2027,-761,-1265
2026,-758,-1267
2026,-755,-1270
2025,-748,-1276
2023,-740,-1283
2022,-733,-1289
2021,-725,-1295
2020,-722,-1298
2018,-710,-1308
2019,-714,-1304
1987,-564,-1422
2015,-694,-1320
2014,-689,-1325
2013,-681,-1331
2011,-673,-1338
2010,-665,-1344
1958,-461,-1497
2008,-655,-1352
2007,-650,-1356
2006,-647,-1358
2003,-632,-1371
2002,-627,-1374
2000,-621,-1379
1999,-616,-1383
1998,-613,-1385
1995,-597,-1397
1994,-593,-1400
1992,-587,-1405
1990,-579,-1411
1988,-571,-1417
1986,-563,-1423
1984,-555,-1429
1984,-552,-1431
1982,-544,-1437
1980,-537,-1443
1977,-529,-1448
1975,-521,-1454
1975,-518,-1456
1972,-510,-1462
1967,-489,-1477
1966,-486,-1479
1965,-483,-1481
1962,-475,-1487
1960,-467,-1492
1954,-447,-1507
1954,-448,-1506
1952,-440,-1511
1947,-424,-1522
1944,-416,-1527
1943,-413,-1530
1941,-405,-1535
1936,-389,-1546
1933,-381,-1551
1932,-378,-1553
1929,-370,-1558
1921,-346,-1574
1920,-343,-1576
1917,-335,-1581
1906,-306,-1600
1907,-308,-1599
1904,-300,-1604
1895,-276,-1619
1894,-272,-1621
1891,-264,-1626
1881,-240,-1641
1880,-237,-1642
1870,-213,-1657
1865,-201,-1664
1862,-193,-1668
1850,-166,-1684
1847,-158,-1689
1835,-130,-1704
1819,-94,-1724
1802,-59,-1743
1785,-23,-1761
1767,12,-1779
1730,83,-1814
1387,610,-1998
1361,644,-2005
1355,652,-2007
1342,667,-2010
1334,678,-2012
1321,693,-2015
1311,706,-2017
1306,712,-2018
1294,727,-2021
1288,734,-2022
1279,745,-2024
1272,753,-2025
1266,760,-2027
1260,768,-2028
1251,778,-2029
1247,783,-2030
1238,793,-2031
1234,798,-2032
1225,808,-2033
1222,811,-2034
1209,826,-2036
1202,833,-2036
1208,828,-2036
1193,844,-2038
1187,851,-2038
1180,859,-2039
1185,853,-2038
1173,866,-2040
1164,876,-2041
1157,884,-2041
1153,888,-2042
1151,891,-2042
1149,893,-2042
1146,895,-2042
1134,908,-2043
1128,916,-2044
1123,920,-2044
1121,923,-2044
1114,930,-2045
1110,935,-2045
1104,940,-2045
1098,948,-2046
1091,955,-2046
1096,949,-2046
1084,962,-2046
1080,966,-2046
1074,972,-2047
1070,976,-2047
1060,986,-2047
1053,993,-2047
1056,991,-2047
1044,1003,-2047
1046,1000,-2047
1037,1010,-2047
1032,1015,-2047
1030,1017,-2047
1023,1024,-2047
1018,1029,-2047
1013,1034,-2047
1006,1041,-2047
999,1048,-2047
1004,1043,-2047
991,1055,-2047
994,1053,-2047
981,1065,-2047
974,1072,-2047
970,1076,-2047
967,1079,-2046
960,1086,-2046
963,1083,-2046
950,1095,-2046
943,1102,-2045
938,1106,-2045
936,1109,-2045
928,1116,-2045
924,1120,-2044
918,1125,-2044
911,1132,-2044
904,1139,-2043
909,1134,-2043
896,1146,-2042
889,1152,-2042
886,1155,-2042
882,1159,-2041
871,1168,-2040
864,1175,-2040
854,1184,-2039
857,1182,-2039
846,1191,-2038
839,1198,-2037
831,1204,-2036
834,1202,-2036
821,1213,-2035
817,1217,-2034
806,1226,-2033
812,1221,-2034
799,1233,-2032
788,1242,-2031
784,1246,-2030
773,1255,-2029
766,1261,-2027
769,1259,-2028
755,1270,-2026
748,1277,-2025
740,1283,-2023
732,1289,-2022
722,1298,-2020
714,1304,-2019
706,1311,-2018
940,1105,-2045
699,1317,-2016
688,1325,-2014
676,1335,-2012
673,1338,-2011
654,1353,-2007
647,1359,-2006
642,1362,-2005
639,1365,-2004
631,1371,-2002
620,1379,-2000
605,1391,-1997
600,1395,-1995
597,1397,-1995
586,1405,-1992
571,1417,-1988
563,1423,-1986
552,1431,-1984
536,1443,-1980
528,1449,-1977
517,1456,-1974
502,1468,-1970
494,1474,-1968
483,1481,-1965
475,1487,-1962
467,1493,-1960
448,1506,-1954
440,1511,-1952
435,1515,-1950
413,1530,-1943
405,1535,-1941
389,1546,-1936
378,1553,-1932
362,1564,-1926
343,1576,-1920
335,1582,-1917
327,1587,-1914
307,1599,-1907
299,1604,-1904
294,1607,-1902
272,1621,-1894
256,1631,-1887
237,1643,-1880
229,1647,-1877
212,1657,-1870
201,1664,-1865
193,1668,-1862
165,1684,-1850
157,1689,-1847
141,1698,-1840
130,1704,-1835
114,1713,-1827
94,1724,-1819
86,1728,-1815
58,1743,-1802
42,1751,-1794
23,1761,-1785
14,1766,-1781
-12,1779,-1767
-48,1797,-1748
-576,1990,-1413
-84,1814,-1730
-119,1830,-1710
-155,1846,-1690
-191,1861,-1670
-297,1903,-1606
-928,2045,-1116
-941,2045,-1104
-955,2046,-1090
-962,2046,-1084
-972,2047,-1074
-987,2047,-1060
-994,2047,-1053
-1004,2047,-1043
-1011,2047,-1036
-1015,2047,-1032
-1025,2047,-1022
-1035,2047,-1012
-1042,2047,-1005
-1049,2047,-998
-1056,2047,-991
-1065,2047,-981
-1072,2047,-974
-1079,2046,-967
-1086,2046,-960
-1093,2046,-952
-1096,2046,-950
-1107,2045,-938
-1109,2045,-935
-1116,2045,-928
-1126,2044,-918
-1132,2043,-911
-1139,2043,-903
-1146,2042,-896
-1150,2042,-891
-1155,2042,-886
-1162,2041,-878
-1169,2040,-871
-1173,2040,-867
-1175,2040,-864
-1182,2039,-856
-1185,2039,-853
-1195,2037,-841
-1198,2037,-839
-1204,2036,-831
-1214,2035,-821
-1218,2034,-816
-1220,2034,-813
-1227,2033,-806
-1231,2032,-801
-1233,2032,-798
-1242,2031,-788
-1249,2030,-780
-1255,2028,-773
-1259,2028,-768
-1262,2027,-765
-1270,2026,-755
-1277,2025,-747
-1281,2024,-743
-1283,2023,-740
-1290,2022,-732
-1293,2021,-727
-1298,2020,-721
-1305,2019,-714
-1311,2018,-706
-1315,2017,-702
-1317,2016,-699
-1326,2014,-688
-1332,2013,-680
-1338,2011,-673
-1342,2010,-668
-1344,2010,-665
-1353,2007,-654
-1359,2006,-646
-1363,2005,-642
-1365,2004,-639
-1371,2002,-631
-1377,2001,-623
-1379,2000,-620
-1389,1997,-608
-1391,1996,-605
-1397,1995,-597
-1406,1992,-586
-1403,1993,-589
-1412,1990,-578
-1417,1988,-570
-1423,1986,-563
-1431,1984,-552
-1429,1984,-555
-1437,1981,-544
-1443,1979,-536
-1449,1977,-528
-1457,1974,-517
-1462,1972,-509
-1466,1971,-504
-1468,1970,-501
-1477,1966,-489
-1482,1965,-482
-1487,1962,-475
-1493,1960,-467
-1498,1958,-459
-1506,1954,-448
-1512,1952,-440
-1517,1949,-432
-1523,1947,-424
-1530,1943,-413
-1535,1941,-405
-1539,1939,-400
-1541,1938,-397
-1546,1935,-389
-1554,1932,-378
-1564,1926,-362
-1569,1923,-354
-1577,1920,-342
-1582,1917,-334
-1587,1914,-326
-1598,1907,-308
-1599,1907,-307
-1604,1904,-299
-1609,1901,-291
-1621,1894,-272
-1626,1890,-264
-1631,1887,-256
-1643,1880,-236
-1648,1876,-228
-1653,1873,-220
-1662,1866,-204
-1664,1865,-201
-1678,1855,-176
-1684,1850,-165
-1689,1847,-157
-1698,1840,-141
-1705,1835,-129
-1722,1820,-97
-1724,1818,-94
-1981,1438,542
-1743,1802,-58
-1762,1784,-22
-1940,1537,403
-1780,1767,12
-1797,1748,48
-1814,1729,84
-2031,1237,794
-2034,1222,812
-2035,1215,819
-2036,1202,834
-2038,1193,844
-2038,1189,849
-2039,1179,859
-2040,1173,867
-2041,1163,877
-2042,1150,892
-2043,1143,899
-2043,1132,911
-2043,1134,909
-2044,1127,916
-2044,1120,924
-2045,1113,931
-2045,1104,941
-2046,1097,948
-2046,1090,955
-2046,1083,963
-2047,1076,970
-2047,1074,973
-2047,1067,980
-2047,1060,987
-2047,1055,991
-2047,1053,994
-2047,1043,1004
-2047,1036,1011
-2047,1029,1018
-2047,1025,1022
-2047,1022,1025
-2047,1018,1029
-2047,1012,1035
-2047,1005,1042
-2047,999,1048
-2047,998,1049
-2047,994,1053
-2047,991,1056
-2047,984,1063
-2047,981,1066
-2047,974,1072
-2046,965,1081
-2046,967,1079
-2046,959,1086
-2046,952,1093
-2046,949,1096
-2045,942,1103
-2045,935,1110
-2045,928,1116
-2044,923,1121
-2044,920,1123
-2044,918,1126
-2043,910,1133
-2043,906,1137
-2043,903,1139
-2042,896,1146
-2042,888,1153
-2042,885,1156
-2041,878,1162
-2040,872,1168
-2040,871,1169
-2040,863,1176
-2039,854,1184
-2039,853,1185
-2038,849,1189
-2038,846,1192
-2037,838,1198
-2036,831,1205
-2035,823,1211
-2035,820,1214
-2034,813,1220
-2033,806,1227
-2032,801,1231
-2032,798,1233
-2031,791,1240
-2031,788,1242
-2030,780,1249
-2028,773,1255
-2027,765,1262
-2027,760,1266
-2026,754,1271
-2025,750,1275
-2024,747,1277
-2022,735,1287
-2022,732,1290
-2021,724,1296
-2020,721,1299
-2017,706,1311
-2016,697,1319
-2016,698,1317
-2014,688,1326
-2013,683,1330
-2013,680,1332
-2011,672,1338
-2010,664,1345
-2007,654,1353
-2006,646,1359
-2004,638,1365
-2003,634,1369
-2002,631,1371
-2000,620,1380
-1998,612,1386
-1996,604,1392
-1995,596,1398
-1992,586,1406
-1990,578,1412
-1988,570,1418
-1986,562,1424
-1983,551,1432
-1981,543,1437
-1979,536,1443
-1977,528,1449
-1975,520,1455
-1974,517,1457
-1970,501,1468
-1968,493,1474
-1964,482,1482
-1962,474,1487
-1960,466,1493
-1957,458,1499
-1954,447,1506
-1952,439,1512
-1949,431,1517
-1943,412,1530
-1941,404,1536
-1938,396,1541
-1935,388,1546
-1932,377,1554
-1927,364,1562
-1926,361,1564
-1919,342,1577
-1917,334,1582
-1914,326,1587
-1907,307,1599
-1904,299,1604
-1901,291,1610
-1898,283,1615
-1893,271,1621
-1887,255,1631
-1884,247,1636
-1879,236,1643
-1873,220,1653
-1865,200,1664
-1862,192,1669
-1858,184,1674
-1850,165,1685
-1846,157,1689
-1843,149,1694
-1834,129,1705
-1831,121,1709
-1823,105,1718
-1818,93,1724
-1811,77,1733
-1802,58,1743
-1794,41,1752
-1784,22,1762
-1780,14,1766
-1772,-1,1774
-1766,-13,1780
-1748,-49,1797
-1386,-611,1998
-1729,-84,1814
-1438,-542,1981
-1710,-120,1830
-1690,-156,1846
-1669,-191,1861
-1649,-227,1876
-1583,-333,1916
-1052,-994,2047
-1043,-1004,2047
-1029,-1018,2047
-1022,-1025,2047
-1015,-1032,2047
-1012,-1035,2047
-998,-1049,2047
-991,-1056,2047
-981,-1066,2047
-973,-1073,2047
-966,-1080,2046
-959,-1087,2046
-952,-1093,2046
-949,-1096,2046
-935,-1110,2045
-943,-1102,2045
-927,-1117,2045
-917,-1126,2044
-910,-1133,2043
-903,-1140,2043
-898,-1144,2043
-895,-1147,2042
-885,-1156,2042
-878,-1163,2041
-873,-1167,2040
-870,-1169,2040
-863,-1176,2040
-853,-1185,2038
-845,-1192,2038
-838,-1198,2037
-847,-1191,2038
-831,-1205,2036
-820,-1214,2035
-823,-1212,2035
-813,-1221,2034
-805,-1227,2033
-798,-1234,2032
-790,-1240,2031
-787,-1243,2031
-780,-1249,2029
-772,-1256,2028
-771,-1257,2028
-765,-1262,2027
-754,-1271,2026
-747,-1277,2024
-750,-1275,2025
-739,-1284,2023
-731,-1290,2022
-721,-1299,2020
-724,-1296,2021
-713,-1305,2019
-706,-1311,2017
-698,-1318,2016
-696,-1319,2016
-687,-1326,2014
-683,-1330,2013
-680,-1332,2013
-670,-1340,2011
-664,-1345,2009
-653,-1353,2007
-646,-1359,2006
-638,-1365,2004
-641,-1363,2005
-630,-1372,2002
-619,-1380,2000
-615,-1384,1999
-612,-1386,1998
-613,-1385,1998
-596,-1398,1995
-585,-1406,1992
-581,-1410,1991
-578,-1412,1990
-573,-1416,1989
-562,-1424,1986
-551,-1432,1983
-543,-1438,1981
-535,-1443,1979
-527,-1449,1977
-530,-1447,1978
-516,-1457,1974
-509,-1463,1972
-501,-1469,1970
-493,-1474,1968
-485,-1480,1965
-482,-1482,1964
-466,-1493,1960
-469,-1491,1961
-447,-1507,1954
-450,-1504,1955
-439,-1512,1952
-431,-1518,1949
-423,-1523,1947
-412,-1530,1943
-404,-1536,1940
-396,-1541,1938
-388,-1547,1935
-377,-1554,1931
-369,-1559,1929
-364,-1563,1927
-353,-1570,1923
-342,-1577,1919
-334,-1582,1916
-329,-1585,1915
-306,-1600,1907
-298,-1605,1904
-290,-1610,1901
-282,-1615,1898
-271,-1622,1893
-255,-1632,1887
-247,-1636,1884
-236,-1643,1879
-228,-1648,1876
-211,-1658,1870
-200,-1664,1865
-192,-1669,1861
-176,-1678,1855
-164,-1685,1850
-148,-1694,1843
-140,-1699,1839
-129,-1705,1834
-104,-1718,1823
-93,-1724,1818
-77,-1733,1811
-57,-1743,1801
-41,-1752,1794
-22,-1762,1784
-5,-1770,1776
13,-1780,1766
49,-1797,1748
85,-1814,1729
120,-1830,1710
192,-1861,1669
746,-2024,1278
754,-2026,1271
779,-2029,1250
787,-2031,1243
812,-2034,1221
820,-2035,1214
827,-2036,1208
835,-2037,1201
845,-2038,1192
852,-2038,1185
867,-2040,1172
877,-2041,1163
885,-2041,1156
899,-2043,1143
910,-2043,1133
917,-2044,1126
924,-2044,1120
929,-2045,1116
942,-2045,1103
939,-2045,1106
949,-2046,1096
958,-2046,1088
963,-2046,1083
973,-2047,1073
980,-2047,1066
987,-2047,1059
992,-2047,1055
995,-2047,1052
1004,-2047,1042
1012,-2047,1035
1016,-2047,1031
1019,-2047,1028
1026,-2047,1021
1035,-2047,1012
1040,-2047,1007
1042,-2047,1004
1051,-2047,996
1056,-2047,990
1063,-2047,983
1066,-2047,980
1073,-2047,973
1080,-2046,966
1084,-2046,962
1087,-2046,959
1094,-2046,952
1096,-2046,949
1105,-2045,940
1110,-2045,934
1112,-2045,933
1117,-2045,927
1126,-2044,917
1133,-2043,910
1137,-2043,905
1140,-2043,902
1147,-2042,895
1154,-2042,888
1156,-2042,885
1160,-2041,880
1170,-2040,870
1174,-2040,866
1176,-2039,863
1185,-2038,852
1192,-2038,845
1194,-2037,843
1199,-2037,838
1205,-2036,830
1209,-2035,826
1214,-2035,820
1221,-2034,812
1228,-2033,805
1234,-2032,797
1238,-2031,793
1243,-2031,787
1249,-2029,779
1256,-2028,772
1260,-2028,767
1262,-2027,764
1269,-2026,757
1271,-2026,754
1284,-2023,739
1288,-2022,734
1290,-2022,731
1299,-2020,720
1305,-2019,713
1309,-2018,708
1312,-2017,705
1318,-2016,698
1327,-2014,687
1333,-2012,679
1339,-2011,672
1345,-2009,664
1353,-2007,654
1354,-2007,653
1363,-2005,641
1366,-2004,638
1372,-2002,630
1380,-2000,619
1386,-1998,611
1392,-1996,604
1398,-1994,596
1406,-1992,585
1412,-1990,577
1418,-1988,569
1424,-1986,562
1430,-1984,554
1432,-1983,551
1444,-1979,535
1449,-1977,527
1453,-1976,522
1457,-1974,516
1469,-1970,500
1474,-1967,492
1482,-1964,481
1488,-1962,474
1494,-1960,466
1499,-1957,458
1507,-1954,447
1518,-1949,431
1523,-1946,423
1529,-1944,415
1531,-1943,412
1541,-1938,396
1547,-1935,388
1554,-1931,377
1565,-1926,361
1570,-1923,353
1577,-1919,341
1582,-1916,333
1593,-1911,317
1598,-1908,309
1600,-1906,306
1615,-1897,282
1618,-1896,277
1622,-1893,271
1632,-1887,255
1637,-1884,246
1643,-1879,235
1658,-1869,211
1663,-1866,203
1665,-1865,200
1679,-1855,175
1685,-1850,164
1690,-1846,156
1699,-1839,140
1705,-1834,128
1714,-1827,112
1719,-1823,104
1725,-1818,93
1733,-1810,76
1744,-1801,57
1752,-1793,41
1762,-1784,21
1766,-1780,13
1774,-1772,-2
1780,-1766,-13
2019,-1305,-713
1797,-1748,-49
1998,-1386,-612
1814,-1729,-85
1831,-1709,-121
1846,-1690,-156
1861,-1669,-192
1876,-1648,-227
1890,-1627,-263
2047,-1052,-995
2047,-1042,-1005
2047,-1028,-1019
2047,-1021,-1026
2047,-1011,-1036
2047,-1004,-1043
2047,-1000,-1047
2047,-990,-1057
2047,-980,-1066
2046,-966,-1080
2047,-968,-1078
2046,-958,-1087
2046,-947,-1098
2046,-948,-1097
2045,-934,-1110
2044,-922,-1121
2045,-927,-1117
2044,-917,-1127
2044,-919,-1124
2043,-902,-1140
2042,-895,-1147
2041,-883,-1158
2041,-885,-1156
2040,-870,-1170
2040,-873,-1167
2039,-862,-1177
2038,-851,-1187
2038,-852,-1186
2037,-840,-1196
2037,-837,-1199
2036,-830,-1206
2041,-881,-1159
2035,-820,-1215
2034,-812,-1221
2033,-805,-1228
2032,-797,-1234
2030,-785,-1245
2031,-790,-1241
2030,-787,-1243
2028,-772,-1256
2027,-766,-1261
2027,-764,-1263
2025,-752,-1273
2026,-754,-1272
2023,-738,-1284
2022,-731,-1291
2021,-726,-1294
2010,-668,-1342
2020,-720,-1299
2018,-711,-1307
2017,-705,-1312
2016,-697,-1318
2014,-685,-1328
2014,-687,-1327
2012,-679,-1333
2011,-674,-1337
2009,-664,-1345
2008,-659,-1349
2007,-653,-1354
2005,-645,-1360
2004,-637,-1366
2002,-630,-1372
1958,-459,-1498
2000,-619,-1380
1998,-611,-1386
1996,-603,-1392
1994,-596,-1398
1923,-354,-1569
1992,-585,-1407
1990,-577,-1412
1988,-569,-1418
1986,-561,-1424
1983,-550,-1432
1981,-542,-1438
1979,-535,-1444
1977,-527,-1450
1975,-519,-1455
1974,-516,-1458
1970,-503,-1467
1970,-500,-1469
1832,-124,-1707
1964,-481,-1483
1962,-473,-1488
1960,-465,-1494
1952,-440,-1512
1954,-446,-1507
1951,-438,-1512
1949,-430,-1518
1944,-414,-1529
1943,-411,-1531
1940,-403,-1536
1935,-387,-1547
1932,-379,-1552
1931,-376,-1554
1926,-360,-1565
1914,-326,-1587
1919,-341,-1577
1916,-333,-1583
1910,-317,-1593
1907,-309,-1598
1906,-306,-1600
1895,-277,-1618
1893,-270,-1622
1890,-262,-1627
1880,-238,-1642
1879,-235,-1644
1873,-219,-1653
1865,-199,-1665
1861,-191,-1669
1851,-167,-1683
1850,-164,-1685
1835,-131,-1704
1834,-128,-1705
1818,-92,-1725
1801,-57,-1744
1797,-49,-1748
1784,-21,-1762
1748,50,-1798
1729,85,-1814
1689,157,-1846
1487,474,-1962
1437,543,-1981
1432,551,-1983
1412,578,-1990
1386,612,-1998
1380,620,-2000
1359,646,-2006
1353,654,-2007
1332,680,-2013
1326,688,-2014
1320,695,-2016
1314,703,-2017
1305,713,-2019
1286,736,-2023
1277,747,-2024
1271,754,-2026
1264,762,-2027
1258,770,-2028
1249,780,-2030
1243,788,-2031
1236,795,-2032
1230,803,-2033
1220,813,-2034
1207,828,-2036
1210,825,-2035
1201,835,-2037
1192,846,-2038
1185,853,-2039
1178,860,-2039
1181,858,-2039
1172,868,-2040
1162,878,-2041
1156,885,-2042
1151,890,-2042
1147,894,-2042
1142,900,-2043
1133,910,-2043
1135,907,-2043
1119,925,-2044
1115,929,-2045
1112,932,-2045
1103,942,-2045
1096,949,-2046
1089,957,-2046
1092,954,-2046
1082,964,-2046
1072,974,-2047
1075,971,-2047
1066,981,-2047
1061,985,-2047
1315,702,-2017
1052,995,-2047
1042,1005,-2047
1035,1012,-2047
1028,1019,-2047
1031,1016,-2047
1021,1026,-2047
1016,1031,-2047
1011,1036,-2047
1004,1043,-2047
997,1050,-2047
1000,1047,-2047
990,1057,-2047
985,1061,-2047
980,1067,-2047
973,1074,-2047
968,1078,-2047
974,1072,-2047
958,1087,-2046
948,1097,-2046
941,1104,-2045
934,1111,-2045
937,1108,-2045
926,1118,-2045
929,1115,-2045
916,1127,-2044
909,1134,-2043
902,1141,-2043
905,1138,-2043
894,1147,-2042
890,1151,-2042
884,1157,-2041
870,1170,-2040
872,1168,-2040
878,1162,-2041
862,1177,-2039
852,1186,-2038
844,1193,-2038
837,1199,-2037
840,1197,-2037
830,1206,-2036
819,1215,-2035
812,1222,-2034
804,1228,-2033
813,1220,-2034
797,1235,-2032
786,1244,-2030
779,1250,-2029
771,1256,-2028
780,1249,-2030
764,1263,-2027
753,1272,-2025
756,1269,-2026
738,1285,-2023
730,1291,-2022
720,1300,-2020
712,1306,-2019
705,1312,-2017
708,1310,-2018
697,1318,-2016
686,1327,-2014
671,1339,-2011
674,1337,-2011
663,1346,-2009
653,1354,-2007
645,1360,-2005
637,1366,-2004
629,1372,-2002
619,1381,-2000
603,1393,-1996
606,1390,-1997
584,1407,-1992
577,1413,-1990
569,1419,-1988
572,1416,-1989
561,1424,-1986
550,1433,-1983
534,1444,-1979
526,1450,-1977
515,1458,-1974
500,1469,-1970
492,1475,-1967
481,1483,-1964
465,1494,-1959
468,1492,-1960
446,1507,-1954
449,1505,-1955
430,1518,-1949
411,1531,-1943
403,1537,-1940
387,1547,-1935
376,1555,-1931
368,1560,-1928
360,1565,-1926
341,1578,-1919
333,1583,-1916
325,1588,-1913
305,1600,-1906
289,1610,-1900
278,1617,-1896
270,1622,-1893
254,1632,-1887
243,1639,-1882
226,1649,-1876
207,1660,-1868
210,1658,-1869
199,1665,-1864
172,1681,-1853
163,1685,-1849
147,1695,-1842
136,1701,-1837
112,1714,-1826
100,1721,-1821
92,1725,-1818
64,1740,-1805
56,1744,-1801
29,1758,-1788
21,1762,-1784
-6,1776,-1770
-14,1780,-1766
-42,1794,-1752
-50,1798,-1747
-77,1811,-1733
-639,2004,-1365
-113,1827,-1714
-149,1843,-1694
-184,1858,-1673
-256,1887,-1631
-935,2045,-1109
-957,2046,-1089
-967,2046,-1079
-974,2047,-1072
-988,2047,-1058
-998,2047,-1049
-1012,2047,-1035
-1019,2047,-1028
-1029,2047,-1018
-1036,2047,-1011
-1050,2047,-996
-1055,2047,-992
-1060,2047,-987
-1067,2047,-979
-1081,2046,-965
-1088,2046,-958
-1090,2046,-955
-1095,2046,-951
-1104,2045,-941
-1111,2045,-933
-1118,2045,-926
-1121,2044,-923
-1134,2043,-909
-1138,2043,-904
-1141,2043,-901
-1150,2042,-891
-1157,2041,-884
-1164,2041,-877
-1170,2040,-869
-1177,2039,-862
-1180,2039,-859
-1186,2038,-852
-1193,2038,-844
-1200,2037,-837
-1201,2037,-835
-1206,2036,-829
-1209,2036,-826
-1222,2034,-811
-1226,2033,-807
-1228,2033,-804
-1237,2031,-794
-1239,2031,-792
-1244,2030,-786
-1250,2029,-778
-1257,2028,-771
-1263,2027,-763
-1266,2027,-760
-1272,2025,-753
-1278,2024,-745
-1285,2023,-738
-1286,2023,-736
-1294,2021,-727
-1300,2020,-720
-1297,2020,-723
-1306,2019,-712
-1312,2017,-704
-1321,2015,-694
-1322,2015,-692
-1327,2014,-686
