1204,832,-2036
1195,842,-2037
1188,849,-2038
1182,857,-2039
1175,864,-2040
1166,874,-2041
1159,882,-2041
1152,889,-2042
1146,896,-2042
1136,907,-2043
1129,914,-2044
1123,921,-2044
1116,928,-2045
1106,939,-2045
1102,943,-2045
1099,946,-2046
1092,953,-2046
1086,960,-2046
1076,970,-2047
1069,977,-2047
1062,984,-2047
1054,993,-2047
1045,1001,-2047
1038,1009,-2047
1031,1016,-2047
1027,1020,-2047
1024,1023,-2047
1014,1032,-2047
1007,1040,-2047
1000,1047,-2047
996,1051,-2047
983,1063,-2047
979,1067,-2047
976,1070,-2047
969,1077,-2047
962,1084,-2046
952,1094,-2046
945,1100,-2046
940,1105,-2045
937,1107,-2045
923,1121,-2044
920,1124,-2044
913,1130,-2044
905,1137,-2043
898,1144,-2043
888,1153,-2042
881,1160,-2041
879,1162,-2041
873,1167,-2040
861,1178,-2039
856,1183,-2039
848,1189,-2038
841,1196,-2037
833,1203,-2036
823,1212,-2035
815,1218,-2034
808,1225,-2033
803,1229,-2033
790,1240,-2031
783,1247,-2030
778,1251,-2029
775,1253,-2029
757,1269,-2026
749,1275,-2025
745,1279,-2024
742,1281,-2024
724,1296,-2021
716,1303,-2019
708,1309,-2018
690,1324,-2015
693,1322,-2015
682,1330,-2013
675,1336,-2012
656,1351,-2008
649,1357,-2006
641,1363,-2005
622,1378,-2001
625,1375,-2001
615,1384,-1999
588,1404,-1993
591,1402,-1993
580,1410,-1991
573,1416,-1989
554,1430,-1984
546,1435,-1982
538,1441,-1980
519,1455,-1975
512,1461,-1973
504,1466,-1971
485,1480,-1965
477,1486,-1963
469,1491,-1961
450,1504,-1955
442,1510,-1952
434,1515,-1950
415,1528,-1944
399,1539,-1939
380,1552,-1932
375,1555,-1931
372,1557,-1930
345,1575,-1920
337,1580,-1918
329,1585,-1915
309,1598,-1908
301,1603,-1905
293,1608,-1902
274,1620,-1894
266,1625,-1891
258,1630,-1888
239,1641,-1881
231,1646,-1877
222,1651,-1874
203,1663,-1866
195,1667,-1863
179,1677,-1856
167,1683,-1851
151,1692,-1844
132,1703,-1836
124,1708,-1832
116,1712,-1828
96,1723,-1819
88,1727,-1816
80,1732,-1812
60,1742,-1803
52,1746,-1799
39,1753,-1793
25,1760,-1786
-777,2029,-1252
-10,1778,-1768
-710,2018,-1308
-676,2012,-1335
-46,1796,-1750
-608,1997,-1388
-82,1813,-1731
-970,2047,-1076
-117,1829,-1711
-505,1971,-1465
-153,1845,-1691
-189,1860,-1671
-224,1875,-1650
-260,1889,-1629
-1030,2047,-1017
-1033,2047,-1014
-1040,2047,-1007
-1047,2047,-1000
-1058,2047,-989
-1063,2047,-983
-1070,2047,-976
-1077,2047,-969
-1084,2046,-961
-1094,2046,-951
-1101,2046,-944
-1105,2045,-940
-1108,2045,-937
-1114,2045,-930
-1124,2044,-920
-1125,2044,-918
-1131,2044,-912
-1138,2043,-905
-1144,2043,-898
-1148,2042,-893
-1154,2042,-888
-1158,2041,-883
-1160,2041,-880
-1167,2040,-873
-1174,2040,-866
-1180,2039,-858
-1183,2039,-855
-1190,2038,-848
-1196,2037,-840
-1200,2037,-836
-1203,2036,-833
-1212,2035,-823
-1216,2035,-818
-1219,2034,-815
-1225,2033,-808
-1229,2033,-803
-1232,2032,-800
-1241,2031,-790
-1245,2030,-785
-1247,2030,-782
-1254,2029,-775
-1257,2028,-770
-1260,2028,-767
-1269,2026,-757
-1273,2025,-752
-1275,2025,-749
-1282,2024,-742
-1288,2022,-734
-1292,2022,-729
-1297,2021,-723
-1303,2019,-716
-1307,2018,-711
-1311,2018,-706
-1309,2018,-708
-1316,2016,-700
-1324,2014,-690
-1330,2013,-682
-1334,2012,-677
-1337,2012,-674
-1343,2010,-667
-1349,2008,-659
-1351,2008,-656
-1357,2006,-648
-1363,2005,-641
-1370,2003,-633
-1373,2002,-628
-1378,2000,-622
-1384,1999,-614
-1388,1998,-610
-1390,1997,-607
-1396,1995,-599
-1404,1993,-588
-1410,1991,-580
-1414,1989,-575
-1416,1989,-572
-1422,1987,-564
-1430,1984,-554
-1436,1982,-546
-1442,1980,-538
-1447,1978,-530
-1451,1977,-525
-1455,1975,-519
-1459,1974,-514
-1461,1973,-511
-1472,1968,-495
-1478,1966,-488
-1480,1965,-484
-1486,1963,-477
-1491,1961,-469
-1497,1958,-461
-1505,1955,-450
-1510,1952,-442
-1516,1950,-434
-1521,1947,-426
-1529,1944,-415
-1534,1941,-407
-1539,1939,-399
-1545,1936,-391
-1552,1932,-380
-1558,1930,-372
-1563,1927,-364
-1568,1924,-356
-1575,1920,-344
-1581,1917,-336
-1586,1915,-328
-1598,1908,-309
-1603,1905,-301
-1608,1902,-293
-1613,1899,-285
-1620,1894,-274
-1625,1891,-266
-1630,1888,-258
-1642,1880,-238
-1646,1877,-230
-1651,1874,-222
-1663,1866,-203
-1667,1863,-195
-1672,1859,-187
-1683,1851,-167
-1688,1847,-159
-1693,1844,-151
-1703,1835,-131
-1712,1828,-115
-1723,1819,-96
-1727,1816,-88
-1732,1812,-80
-1742,1803,-60
-1761,1785,-24
-1765,1781,-16
-1779,1768,10
-1783,1764,19
-1796,1749,46
-1804,1741,62
-1813,1730,82
-1829,1711,118
-1845,1691,153
-1860,1671,189
-1875,1650,224
-1902,1607,295
-1951,1514,436
-1981,1440,540
-1997,1388,609
-2005,1362,643
-2012,1335,677
-2013,1329,684
-2018,1307,710
-2021,1295,726
-2024,1280,744
-2026,1267,759
-2029,1252,777
-2030,1245,784
-2032,1232,799
-2034,1223,810
-2035,1210,825
-2036,1204,832
-2037,1194,843
-2039,1181,857
-2040,1174,865
-2041,1165,875
-2042,1154,887
-2042,1152,890
-2004,1365,639
-2043,1136,907
-2044,1122,922
-2045,1115,929
-2045,1106,939
-2046,1099,946
-2046,1095,951
-2046,1092,954
-2047,1075,971
-2047,1068,978
-2047,1061,985
-2047,1055,992
-2047,1053,994
-2047,1045,1002
-2047,1038,1009
-2047,1031,1016
-2048,1024,1023
-2047,1017,1030
-2047,1014,1033
-2047,1002,1044
-2047,1000,1047
-2047,993,1054
-2047,983,1064
-2047,978,1068
-2047,976,1071
-2047,968,1078
-2046,961,1085
-2046,954,1091
-2046,951,1094
-2045,940,1105
-2045,937,1108
-2045,929,1115
-2044,919,1124
-2044,912,1131
-2043,905,1138
-2043,900,1142
-2043,897,1145
-2042,887,1154
-2041,880,1161
-2040,873,1167
-2040,865,1174
-2039,858,1181
-2039,855,1183
-2037,843,1194
-2037,840,1197
-2035,825,1210
-2035,822,1212
-2034,810,1223
-2033,807,1225
-2032,800,1232
-2031,789,1241
-2030,782,1247
-2029,774,1254
-2028,767,1260
-2026,756,1269
-2025,749,1276
-2024,741,1282
-2022,734,1288
-2021,726,1295
-2021,723,1297
-2019,715,1303
-2016,700,1316
-2014,689,1324
-2013,682,1331
-2012,677,1334
-2011,674,1337
-2008,656,1351
-2006,648,1358
-2004,640,1364
-2003,633,1370
-2000,622,1378
-1997,606,1390
-1995,598,1396
-1992,588,1404
-1991,580,1410
-1989,572,1416
-1984,553,1430
-1982,545,1436
-1980,538,1442
-1978,530,1448
-1975,519,1456
-1970,503,1467
-1968,495,1473
-1965,484,1480
-1960,468,1492
-1958,460,1497
-1955,449,1505
-1950,433,1516
-1947,425,1521
-1944,414,1529
-1937,394,1543
-1939,398,1540
-1932,379,1552
-1927,363,1563
-1921,347,1574
-1920,344,1576
-1914,328,1586
-1912,320,1591
-1907,309,1598
-1901,293,1608
-1895,277,1618
-1894,273,1620
-1888,257,1630
-1882,241,1640
-1880,238,1642
-1874,222,1652
-1866,202,1663
-1862,194,1668
-1859,186,1672
-1851,167,1684
-1847,159,1688
-1844,151,1693
-1835,131,1704
-1832,123,1708
-1828,115,1713
-1819,95,1723
-1815,87,1728
-1808,71,1736
-1802,60,1742
-1795,43,1751
-1791,35,1755
-1785,24,1761
-1777,8,1769
-1773,0,1773
-1767,-11,1779
-1759,-27,1787
-1749,-46,1796
-1251,-777,2029
-1279,-744,2024
-1730,-82,1813
-1335,-677,2012
-1711,-118,1829
-1361,-643,2005
-1691,-154,1845
-1414,-575,1989
-1671,-189,1860
-1650,-225,1875
-1465,-506,1971
-1628,-260,1889
-1584,-331,1915
-968,-1078,2047
-961,-1085,2046
-954,-1092,2046
-951,-1094,2046
-944,-1101,2045
-936,-1108,2045
-929,-1115,2045
-919,-1124,2044
-912,-1131,2044
-904,-1138,2043
-897,-1145,2043
-893,-1149,2042
-887,-1154,2042
-880,-1161,2041
-872,-1168,2040
-865,-1174,2040
-860,-1178,2039
-855,-1184,2039
-847,-1190,2038
-843,-1194,2037
-840,-1197,2037
-832,-1203,2036
-825,-1210,2035
-822,-1213,2035
-815,-1219,2034
-807,-1226,2033
-800,-1232,2032
-792,-1239,2031
-789,-1241,2031
-782,-1248,2030
-777,-1252,2029
-774,-1254,2029
-767,-1260,2028
-759,-1267,2026
-756,-1269,2026
-748,-1276,2025
-744,-1280,2024
-741,-1282,2024
-733,-1288,2022
-726,-1295,2021
-723,-1297,2020
-715,-1304,2019
-707,-1310,2018
-700,-1316,2016
-698,-1317,2016
-689,-1325,2014
-692,-1322,2015
-681,-1331,2013
-674,-1337,2011
-666,-1343,2010
-661,-1347,2009
-655,-1352,2008
-648,-1358,2006
-643,-1362,2005
-640,-1364,2004
-632,-1370,2003
-624,-1376,2001
-621,-1378,2000
-614,-1384,1999
-606,-1390,1997
-598,-1396,1995
-596,-1398,1995
-590,-1402,1993
-587,-1405,1992
-575,-1414,1989
-572,-1416,1989
-564,-1422,1987
-553,-1430,1984
-548,-1434,1983
-545,-1436,1982
-537,-1442,1980
-529,-1448,1978
-522,-1454,1976
-518,-1456,1975
-511,-1461,1973
-503,-1467,1970
-495,-1473,1968
-484,-1481,1965
-479,-1484,1964
-476,-1486,1963
-468,-1492,1960
-460,-1497,1958
-449,-1505,1955
-441,-1511,1952
-431,-1517,1949
-433,-1516,1950
-417,-1527,1945
-414,-1529,1944
-406,-1535,1941
-398,-1540,1938
-390,-1545,1936
-379,-1553,1932
-371,-1558,1929
-363,-1563,1927
-355,-1569,1924
-344,-1576,1920
-336,-1581,1917
-328,-1586,1914
-320,-1591,1911
-308,-1598,1907
-300,-1603,1904
-292,-1608,1901
-284,-1613,1898
-273,-1620,1894
-265,-1625,1891
-249,-1635,1885
-238,-1642,1880
-230,-1647,1877
-221,-1652,1874
-197,-1666,1864
-202,-1663,1866
-186,-1673,1859
-178,-1677,1856
-166,-1684,1851
-158,-1688,1847
-131,-1704,1835
-123,-1708,1832
-115,-1713,1828
-95,-1723,1819
-87,-1728,1815
-79,-1732,1811
-59,-1742,1802
-43,-1751,1795
-24,-1761,1785
-16,-1765,1781
-7,-1769,1777
11,-1779,1767
27,-1787,1759
47,-1796,1749
83,-1813,1730
91,-1817,1726
118,-1830,1711
126,-1833,1706
154,-1845,1691
190,-1860,1670
225,-1875,1650
261,-1889,1628
331,-1916,1584
402,-1940,1537
575,-1989,1414
643,-2005,1361
677,-2012,1334
711,-2018,1307
744,-2024,1279
752,-2025,1273
778,-2029,1251
793,-2031,1238
810,-2034,1223
818,-2035,1216
825,-2035,1210
843,-2037,1194
858,-2039,1181
865,-2040,1174
876,-2041,1165
890,-2042,1151
895,-2042,1147
908,-2043,1135
922,-2044,1121
930,-2045,1115
937,-2045,1108
940,-2045,1105
954,-2046,1091
961,-2046,1084
971,-2047,1075
978,-2047,1068
986,-2047,1061
993,-2047,1054
1003,-2047,1044
1010,-2047,1037
1017,-2047,1030
1024,-2047,1023
1028,-2047,1019
1034,-2047,1013
1041,-2047,1006
1048,-2047,999
1055,-2047,992
1062,-2047,985
1064,-2047,982
1071,-2047,975
1078,-2047,968
1085,-2046,961
1095,-2046,951
1100,-2046,945
1102,-2045,943
1108,-2045,936
1115,-2045,929
1125,-2044,919
1132,-2044,911
1136,-2043,907
1138,-2043,904
1147,-2042,895
1154,-2042,887
1161,-2041,879
1168,-2040,872
1175,-2040,865
1179,-2039,860
1184,-2039,854
1190,-2038,847
1197,-2037,839
1204,-2036,832
1208,-2036,828
1213,-2035,822
1219,-2034,814
1226,-2033,807
1232,-2032,799
1241,-2031,789
1248,-2030,781
1254,-2029,774
1261,-2028,766
1265,-2027,762
1270,-2026,756
1276,-2025,748
1282,-2023,741
1289,-2022,733
1298,-2020,722
1304,-2019,715
1310,-2018,707
1316,-2016,699
1323,-2015,692
1325,-2014,689
1335,-2012,676
1337,-2011,673
1343,-2010,666
1352,-2008,655
1358,-2006,647
1370,-2003,632
1374,-2002,627
1379,-2000,621
1385,-1998,613
1391,-1997,606
1400,-1994,593
1405,-1992,587
1411,-1990,579
1423,-1987,564
1431,-1984,553
1436,-1982,545
1442,-1980,537
1448,-1978,529
1456,-1975,518
1462,-1972,510
1467,-1970,502
1481,-1965,483
1487,-1963,476
1492,-1960,468
1498,-1958,460
1505,-1955,449
1511,-1952,441
1522,-1947,425
1529,-1944,414
1535,-1941,406
1540,-1938,398
1553,-1932,379
1558,-1929,371
1563,-1927,363
1576,-1920,343
1581,-1917,335
1586,-1914,327
1599,-1907,308
1604,-1904,300
1609,-1901,292
1621,-1894,273
1626,-1891,265
1631,-1888,257
1642,-1880,237
1647,-1877,229
1652,-1874,221
1663,-1866,202
1668,-1862,194
1673,-1859,186
1684,-1851,166
1689,-1847,158
1693,-1844,150
1704,-1835,130
1708,-1831,122
1717,-1824,106
1724,-1819,95
1728,-1815,87
1737,-1807,70
1743,-1802,59
1751,-1794,43
1761,-1785,23
1765,-1781,15
1779,-1767,-11
1783,-1763,-20
1796,-1749,-47
2012,-1334,-678
2005,-1361,-644
1813,-1730,-83
1830,-1711,-119
1981,-1439,-541
1845,-1691,-154
1861,-1670,-190
1875,-1649,-225
1889,-1628,-261
2047,-1068,-979
2047,-1054,-993
2047,-1044,-1003
2047,-1037,-1010
2047,-1030,-1017
2047,-1023,-1024
2047,-1013,-1034
2047,-1006,-1041
2047,-1000,-1047
2047,-999,-1048
2047,-992,-1055
2047,-982,-1065
2047,-973,-1073
2047,-975,-1072
2046,-967,-1079
2046,-950,-1095
2046,-953,-1092
2045,-943,-1102
2045,-939,-1106
2045,-936,-1109
2045,-929,-1116
2044,-918,-1125
2044,-914,-1129
2044,-911,-1132
2043,-904,-1139
2042,-897,-1145
2042,-886,-1155
2041,-882,-1159
2041,-879,-1161
2040,-872,-1168
2040,-864,-1175
2039,-854,-1184
2039,-857,-1182
2038,-847,-1191
2037,-842,-1195
2037,-839,-1197
2036,-832,-1204
2035,-821,-1213
2035,-824,-1211
2034,-814,-1220
2033,-809,-1224
2033,-806,-1226
2032,-799,-1233
2031,-789,-1242
2031,-791,-1239
2030,-781,-1248
2029,-776,-1252
2029,-773,-1255
2027,-761,-1265
2026,-755,-1270
2025,-749,-1275
2025,-748,-1276
2024,-743,-1280
2023,-740,-1283
2020,-722,-1298
2021,-725,-1295
2019,-714,-1304
2018,-710,-1308
2018,-707,-1310
2016,-699,-1317
2014,-689,-1325
2015,-692,-1323
2013,-681,-1331
2011,-673,-1338
2010,-665,-1344
2009,-661,-1348
2008,-655,-1352
2006,-647,-1358
2005,-642,-1362
2004,-639,-1364
2002,-627,-1374
2000,-621,-1379
1998,-613,-1385
1997,-605,-1391
1995,-597,-1397
1994,-593,-1400
1992,-587,-1405
1990,-579,-1411
1988,-571,-1417
1986,-563,-1423
1985,-558,-1426
1984,-552,-1431
1982,-544,-1437
1980,-537,-1443
1975,-519,-1455
1975,-518,-1456
1972,-508,-1463
1972,-510,-1462
1968,-494,-1473
1966,-486,-1479
1965,-483,-1481
1962,-475,-1487
1960,-467,-1492
1956,-454,-1501
1954,-448,-1506
1952,-440,-1511
1947,-424,-1522
1945,-420,-1525
1943,-413,-1530
1941,-405,-1535
1936,-389,-1546
1933,-381,-1551
1932,-378,-1553
1929,-370,-1558
1924,-354,-1569
1921,-346,-1574
1920,-343,-1576
1911,-319,-1592
1908,-311,-1597
1907,-308,-1599
1901,-292,-1609
1896,-279,-1617
1894,-272,-1621
1891,-264,-1626
1884,-248,-1636
1880,-237,-1642
1877,-229,-1647
1870,-213,-1657
1865,-201,-1664
1862,-193,-1668
1852,-169,-1682
1850,-166,-1684
1840,-141,-1698
1835,-130,-1704
1828,-114,-1713
1819,-94,-1724
1815,-86,-1728
1802,-59,-1743
1798,-51,-1747
1785,-23,-1761
1781,-15,-1765
1767,12,-1779
1754,36,-1791
1749,48,-1797
1730,83,-1814
1710,119,-1830
1690,155,-1846
1670,190,-1861
1649,226,-1875
1606,297,-1903
1560,367,-1928
1537,402,-1940
1489,472,-1962
1464,507,-1972
1433,549,-1983
1413,576,-1990
1387,610,-1998
1375,626,-2001
1361,644,-2005
1342,667,-2010
1334,678,-2012
1306,712,-2018
1300,719,-2020
1294,727,-2021
1279,745,-2024
1272,753,-2025
1260,768,-2028
1251,778,-2029
1244,786,-2030
1231,801,-2032
1222,811,-2034
1216,819,-2035
1209,826,-2036
1196,841,-2037
1193,844,-2038
1180,859,-2039
1173,866,-2040
1167,873,-2040
1164,876,-2041
1151,891,-2042
1144,898,-2043
1134,908,-2043
1128,916,-2044
1121,923,-2044
1114,930,-2045
1104,940,-2045
1098,948,-2046
1091,955,-2046
1084,962,-2046
1080,966,-2046
1074,972,-2047
1067,979,-2047
1060,986,-2047
1053,993,-2047
1044,1003,-2047
1037,1010,-2047
1032,1015,-2047
1030,1017,-2047
1015,1032,-2047
1013,1034,-2047
1006,1041,-2047
1001,1046,-2047
999,1048,-2047
984,1062,-2047
981,1065,-2047
974,1072,-2047
967,1079,-2046
960,1086,-2046
950,1095,-2046
946,1100,-2046
943,1102,-2045
936,1109,-2045
928,1116,-2045
918,1125,-2044
911,1132,-2044
906,1136,-2043
904,1139,-2043
889,1152,-2042
886,1155,-2042
877,1163,-2041
871,1168,-2040
864,1175,-2040
854,1184,-2039
846,1191,-2038
839,1198,-2037
831,1204,-2036
824,1211,-2035
821,1213,-2035
809,1224,-2033
806,1226,-2033
799,1233,-2032
788,1242,-2031
776,1252,-2029
773,1255,-2029
766,1261,-2027
755,1270,-2026
743,1280,-2024
740,1283,-2023
722,1298,-2020
714,1304,-2019
709,1308,-2018
706,1311,-2018
688,1325,-2014
681,1332,-2013
673,1338,-2011
665,1344,-2010
654,1353,-2007
642,1362,-2005
639,1365,-2004
620,1379,-2000
613,1385,-1998
605,1391,-1997
597,1397,-1995
586,1405,-1992
571,1417,-1988
563,1423,-1986
552,1431,-1984
536,1443,-1980
528,1449,-1977
517,1456,-1974
502,1468,-1970
494,1474,-1968
483,1481,-1965
467,1493,-1960
459,1498,-1958
448,1506,-1954
432,1517,-1949
413,1530,-1943
405,1535,-1941
397,1541,-1938
389,1546,-1936
378,1553,-1932
362,1564,-1926
343,1576,-1920
335,1582,-1917
327,1587,-1914
307,1599,-1907
299,1604,-1904
291,1609,-1901
272,1621,-1894
264,1626,-1891
248,1636,-1884
237,1643,-1880
229,1647,-1877
212,1657,-1870
201,1664,-1865
185,1673,-1859
165,1684,-1850
157,1689,-1847
149,1694,-1843
130,1704,-1835
122,1709,-1831
105,1718,-1824
94,1724,-1819
86,1728,-1815
70,1737,-1807
58,1743,-1802
42,1751,-1794
23,1761,-1785
14,1766,-1781
-778,2029,-1250
-12,1779,-1767
-678,2012,-1333
-48,1797,-1748
-644,2005,-1360
-610,1998,-1387
-84,1814,-1730
-92,1817,-1725
-119,1830,-1710
-155,1846,-1690
-473,1962,-1489
-191,1861,-1670
-226,1876,-1649
-297,1903,-1606
-1025,2047,-1022
-1035,2047,-1012
-1042,2047,-1005
-1049,2047,-998
-1056,2047,-991
-1065,2047,-981
-1069,2047,-977
-1072,2047,-974
-1086,2046,-960
-1093,2046,-952
-1096,2046,-950
-1102,2045,-942
-1109,2045,-935
-1116,2045,-928
-1123,2044,-921
-1126,2044,-918
-1132,2043,-911
-1137,2043,-906
-1139,2043,-903
-1146,2042,-896
-1155,2042,-886
-1159,2041,-881
-1162,2041,-878
-1169,2040,-871
-1179,2039,-859
-1175,2040,-864
-1185,2039,-853
-1189,2038,-849
-1191,2038,-846
-1198,2037,-839
-1209,2036,-827
-1204,2036,-831
-1214,2035,-821
-1220,2034,-813
-1228,2033,-804
-1227,2033,-806
-1233,2032,-798
-1240,2031,-791
-1242,2031,-788
-1249,2030,-780
-1253,2029,-776
-1255,2028,-773
-1262,2027,-765
-1268,2026,-758
-1270,2026,-755
-1278,2024,-746
-1277,2025,-747
-1283,2023,-740
-1290,2022,-732
-1296,2021,-724
-1298,2020,-721
-1305,2019,-714
-1311,2018,-706
-1315,2017,-702
-1317,2016,-699
-1326,2014,-688
-1330,2013,-683
-1332,2013,-680
-1338,2011,-673
-1344,2010,-665
-1348,2009,-660
-1353,2007,-654
-1359,2006,-646
-1363,2005,-642
-1365,2004,-639
-1371,2002,-631
-1377,2001,-623
-1379,2000,-620
-1385,1998,-612
-1389,1997,-608
-1401,1994,-592
-1397,1995,-597
-1406,1992,-586
-1412,1990,-578
-1417,1988,-570
-1423,1986,-563
-1429,1984,-555
-1431,1984,-552
-1437,1981,-544
-1443,1979,-536
-1449,1977,-528
-1454,1975,-520
-1457,1974,-517
-1462,1972,-509
-1468,1970,-501
-1474,1968,-493
-1479,1965,-486
-1482,1965,-482
-1493,1960,-467
-1496,1958,-462
-1506,1954,-448
-1513,1951,-438
-1512,1952,-440
-1517,1949,-432
-1523,1947,-424
-1530,1943,-413
-1535,1941,-405
-1541,1938,-397
-1546,1935,-389
-1554,1932,-378
-1559,1929,-370
-1564,1926,-362
-1569,1923,-354
-1577,1920,-342
-1587,1914,-326
-1592,1911,-318
-1599,1907,-307
-1604,1904,-299
-1609,1901,-291
-1614,1898,-283
-1621,1894,-272
-1626,1890,-264
-1636,1884,-248
-1643,1880,-236
-1648,1876,-228
-1657,1870,-212
-1664,1865,-201
-1669,1862,-193
-1678,1855,-176
-1684,1850,-165
-1689,1847,-157
-1698,1840,-141
-1705,1835,-129
-1714,1827,-113
-1724,1818,-94
-1728,1815,-86
-1737,1807,-69
-1743,1802,-58
-1756,1790,-34
-1762,1784,-22
-1774,1772,1
-1780,1767,12
-1797,1748,48
-1801,1744,56
-1814,1729,84
-1830,1710,120
-1846,1690,155
-1861,1670,191
-1876,1649,226
-1890,1627,262
-1928,1560,368
-1981,1438,542
-1998,1387,611
-2005,1360,645
-2012,1333,679
-2014,1327,686
-2019,1306,712
-2020,1300,720
-2024,1278,746
-2027,1265,761
-2029,1250,779
-2030,1244,786
-2032,1231,801
-2034,1222,812
-2035,1215,819
-2036,1202,834
-2038,1193,844
-2039,1179,859
-2040,1173,867
-2041,1163,877
-2041,1157,884
-2042,1153,889
-2043,1134,909
-2044,1127,916
-2044,1120,924
-2045,1113,931
-2045,1104,941
-2046,1097,948
-2046,1090,955
-2046,1086,960
-2046,1083,963
-2047,1074,973
-2047,1067,980
-2047,1060,987
-2047,1043,1004
-2047,1046,1001
-2047,1036,1011
-2047,1029,1018
-2047,1022,1025
-2047,1018,1029
-2047,1012,1035
-2047,1005,1042
-2047,998,1049
-2047,986,1060
-2047,991,1056
-2047,981,1066
-2047,974,1072
-2046,967,1079
-2046,959,1086
-2046,949,1096
-2045,942,1103
-2045,938,1107
-2045,935,1110
-2045,928,1116
-2044,918,1126
-2043,910,1133
-2043,906,1137
-2043,903,1139
-2042,896,1146
-2042,885,1156
-2041,878,1162
-2040,871,1169
-2040,863,1176
-2039,853,1185
-2038,849,1189
-2038,846,1192
-2036,834,1202
-2036,831,1205
-2035,820,1214
-2034,813,1220
-2033,806,1227
-2032,798,1233
-2031,791,1240
-2031,788,1242
-2030,780,1249
-2027,765,1262
-2026,757,1268
-2026,754,1271
-2024,747,1277
-2022,735,1287
-2022,732,1290
-2020,721,1299
-2019,714,1305
-2016,698,1317
-2015,691,1324
-2014,688,1326
-2011,672,1338
-2010,664,1345
-2008,657,1351
-2007,654,1353
-2004,638,1365
-2002,631,1371
-2000,620,1380
-1998,612,1386
-1995,600,1395
-1995,596,1398
-1992,586,1406
-1988,570,1418
-1986,562,1424
-1983,551,1432
-1981,543,1437
-1977,528,1449
-1974,517,1457
-1972,509,1463
-1968,493,1474
-1964,482,1482
-1962,474,1487
-1957,458,1499
-1955,450,1504
-1954,447,1506
-1948,427,1521
-1943,412,1530
-1941,404,1536
-1935,388,1546
-1932,377,1554
-1929,369,1559
-1922,348,1573
-1919,342,1577
-1917,334,1582
-1911,318,1592
-1908,310,1597
-1907,307,1599
-1898,283,1615
-1893,271,1621
-1890,263,1626
-1884,247,1636
-1879,236,1643
-1876,228,1648
-1870,212,1658
-1865,200,1664
-1862,192,1669
-1855,176,1678
-1850,165,1685
-1846,157,1689
-1839,140,1698
-1834,129,1705
-1831,121,1709
-1823,105,1718
-1818,93,1724
-1811,77,1733
-1807,69,1737
-1802,58,1743
-1791,36,1754
-1790,33,1756
-1784,22,1762
-1770,-6,1777
-1772,-1,1774
-1766,-13,1780
-1754,-37,1792
-1748,-49,1797
-1278,-746,2024
-1729,-84,1814
-1333,-679,2012
-1710,-120,1830
-1360,-645,2005
-1386,-611,1998
-1690,-156,1846
-1669,-191,1861
-1438,-542,1981
-1649,-227,1876
-1627,-262,1890
-1605,-298,1903
-981,-1066,2047
-973,-1073,2047
-959,-1087,2046
-952,-1093,2046
-949,-1096,2046
-942,-1103,2045
-930,-1114,2045
-927,-1117,2045
-917,-1126,2044
-910,-1133,2043
-903,-1140,2043
-894,-1148,2042
-895,-1147,2042
-885,-1156,2042
-878,-1163,2041
-870,-1169,2040
-866,-1173,2040
-863,-1176,2040
-851,-1187,2038
-853,-1185,2038
-845,-1192,2038
-833,-1202,2036
-831,-1205,2036
-823,-1212,2035
-820,-1214,2035
-813,-1221,2034
-805,-1227,2033
-801,-1231,2032
-798,-1234,2032
-790,-1240,2031
-787,-1243,2031
-780,-1249,2029
-768,-1260,2028
-765,-1262,2027
-760,-1266,2027
-757,-1269,2026
-754,-1271,2026
-747,-1277,2024
-734,-1288,2022
-731,-1290,2022
-727,-1294,2021
-724,-1296,2021
-721,-1299,2020
-706,-1311,2017
-701,-1315,2017
-875,-1166,2041
-698,-1318,2016
-687,-1326,2014
-680,-1332,2013
-672,-1339,2011
-664,-1345,2009
-817,-1217,2034
-656,-1351,2008
-653,-1353,2007
-646,-1359,2006
-638,-1365,2004
-633,-1369,2003
-630,-1372,2002
-615,-1384,1999
-619,-1380,2000
-604,-1392,1996
-599,-1396,1995
-596,-1398,1995
-588,-1404,1993
-585,-1406,1992
-578,-1412,1990
-573,-1416,1989
-562,-1424,1986
-557,-1427,1985
-551,-1432,1983
-543,-1438,1981
-534,-1445,1979
-530,-1447,1978
-527,-1449,1977
-512,-1461,1973
-516,-1457,1974
-501,-1469,1970
-547,-1434,1982
-493,-1474,1968
-482,-1482,1964
-474,-1488,1962
-466,-1493,1960
-458,-1499,1957
-450,-1504,1955
-447,-1507,1954
-439,-1512,1952
-426,-1521,1948
-423,-1523,1947
-412,-1530,1943
-404,-1536,1940
-396,-1541,1938
-388,-1547,1935
-380,-1552,1933
-377,-1554,1931
-369,-1559,1929
-353,-1570,1923
-342,-1577,1919
-334,-1582,1916
-326,-1587,1914
-318,-1593,1911
-306,-1600,1907
-298,-1605,1904
-290,-1610,1901
-282,-1615,1898
-271,-1622,1893
-263,-1627,1890
-250,-1635,1885
-236,-1643,1879
-231,-1646,1877
-228,-1648,1876
-211,-1658,1870
-200,-1664,1865
-192,-1669,1861
-176,-1678,1855
-164,-1685,1850
-156,-1689,1846
-140,-1699,1839
-129,-1705,1834
-121,-1709,1831
-104,-1718,1823
-93,-1724,1818
-77,-1733,1811
-57,-1743,1801
-49,-1748,1797
-33,-1756,1790
-22,-1762,1784
-5,-1770,1776
13,-1780,1766
21,-1784,1762
49,-1797,1748
57,-1801,1744
85,-1814,1729
109,-1825,1716
120,-1830,1710
156,-1846,1690
192,-1861,1669
227,-1876,1648
263,-1890,1627
298,-1903,1605
404,-1940,1536
508,-1972,1463
611,-1998,1386
679,-2012,1333
713,-2019,1305
720,-2020,1299
746,-2024,1278
769,-2028,1258
779,-2029,1250
802,-2033,1230
812,-2034,1221
835,-2037,1201
845,-2038,1192
852,-2038,1185
867,-2040,1172
877,-2041,1163
885,-2041,1156
899,-2043,1143
910,-2043,1133
914,-2044,1129
917,-2044,1126
931,-2045,1113
942,-2045,1103
949,-2046,1096
956,-2046,1090
963,-2046,1083
973,-2047,1073
980,-2047,1066
987,-2047,1059
995,-2047,1052
1004,-2047,1042
1009,-2047,1038
1012,-2047,1035
1020,-2047,1027
1035,-2047,1012
1042,-2047,1004
1047,-2047,1000
1049,-2047,997
1056,-2047,990
1066,-2047,980
1073,-2047,973
1080,-2046,966
1084,-2046,962
1087,-2046,959
1096,-2046,949
1103,-2045,942
1110,-2045,934
1114,-2045,930
1117,-2045,927
1126,-2044,917
1133,-2043,910
1140,-2043,902
866,-2040,1173
1147,-2042,895
1156,-2042,885
1163,-2041,877
1174,-2040,866
1176,-2039,863
1185,-2038,852
1190,-2038,848
1192,-2038,845
1199,-2037,838
1205,-2036,830
1214,-2035,820
1221,-2034,812
1228,-2033,805
1232,-2032,800
1234,-2032,797
1243,-2031,787
1249,-2029,779
1256,-2028,772
1262,-2027,764
1269,-2026,757
1271,-2026,754
1284,-2023,739
1288,-2022,734
1290,-2022,731
1299,-2020,720
1305,-2019,713
1315,-2016,701
1318,-2016,698
1327,-2014,687
1333,-2012,679
1339,-2011,672
1345,-2009,664
1354,-2007,653
1360,-2006,645
1363,-2005,641
1372,-2002,630
1380,-2000,619
1386,-1998,611
1392,-1996,604
1398,-1994,596
1406,-1992,585
1412,-1990,577
1422,-1987,565
1432,-1983,551
1438,-1981,543
1444,-1979,535
1449,-1977,527
1457,-1974,516
1463,-1972,508
1467,-1971,503
1474,-1967,492
1482,-1964,481
1494,-1960,466
1499,-1957,458
1507,-1954,447
1512,-1951,439
1523,-1946,423
1525,-1945,420
1536,-1940,404
1545,-1936,391
1549,-1934,385
1554,-1931,377
1563,-1927,364
1572,-1922,349
1577,-1919,341
1588,-1913,325
1595,-1909,314
1600,-1906,306
1610,-1900,290
1617,-1896,279
1622,-1893,271
1632,-1887,255
1639,-1882,243
1643,-1879,235
1653,-1873,219
1660,-1868,208
1665,-1865,200
1674,-1858,183
1680,-1853,172
1685,-1850,164
1694,-1843,148
1701,-1838,137
1710,-1830,120
1719,-1823,104
1720,-1822,101
1729,-1814,85
1739,-1805,65
1744,-1801,57
1752,-1793,41
1758,-1788,29
1766,-1780,13
1776,-1770,-5
2017,-1311,-706
2011,-1339,-672
1794,-1752,-41
1811,-1733,-77
1988,-1418,-570
1827,-1714,-113
1970,-1469,-501
1843,-1694,-148
1858,-1674,-184
1873,-1653,-219
1914,-1587,-326
2047,-1059,-988
2047,-1049,-998
2047,-1042,-1005
2047,-1035,-1012
2047,-1028,-1019
2047,-1029,-1018
2047,-1018,-1029
2047,-1011,-1036
2047,-997,-1050
2047,-1000,-1047
2047,-990,-1057
2047,-987,-1059
2047,-973,-1073
2046,-966,-1080
2046,-967,-1079
2046,-958,-1087
2046,-956,-1090
2045,-941,-1104
2045,-937,-1108
2045,-934,-1110
2045,-927,-1117
2044,-924,-1120
2043,-909,-1134
2043,-905,-1138
2043,-902,-1140
2042,-895,-1147
2042,-892,-1150
2041,-885,-1156
2041,-877,-1163
2040,-870,-1170
2040,-871,-1169
2039,-862,-1177
2039,-860,-1179
2038,-848,-1190
2038,-845,-1192
2037,-837,-1199
2036,-828,-1207
2036,-830,-1206
2036,-827,-1208
2034,-812,-1221
2033,-807,-1225
2033,-805,-1228
2032,-797,-1234
2031,-794,-1237
2030,-787,-1243
2029,-779,-1250
2028,-772,-1256
2028,-773,-1255
2027,-764,-1263
2027,-761,-1265
2026,-754,-1272
2024,-746,-1278
2023,-738,-1284
2023,-740,-1283
2022,-731,-1291
2021,-728,-1293
2019,-713,-1306
2018,-708,-1309
2017,-705,-1312
2015,-693,-1322
2015,-694,-1321
2014,-687,-1327
2011,-671,-1339
2010,-667,-1343
2009,-664,-1345
2009,-661,-1348
2007,-653,-1354
2005,-645,-1360
2004,-637,-1366
2002,-628,-1373
2001,-627,-1374
2000,-619,-1380
1998,-611,-1386
1996,-603,-1392
1994,-594,-1400
1994,-596,-1398
1994,-592,-1401
1990,-577,-1412
1988,-569,-1418
1986,-561,-1424
1985,-558,-1427
1983,-550,-1432
1979,-535,-1444
1978,-530,-1447
1976,-524,-1452
1974,-516,-1458
1972,-508,-1463
1970,-500,-1469
1967,-492,-1475
1966,-489,-1477
1963,-476,-1486
1962,-473,-1488
1960,-467,-1493
1957,-457,-1499
1956,-454,-1501
1951,-438,-1512
1946,-421,-1525
1945,-419,-1526
1943,-411,-1531
1940,-403,-1536
1935,-387,-1547
1934,-384,-1549
1931,-376,-1554
1929,-368,-1560
1922,-349,-1572
1919,-341,-1577
1916,-333,-1583
1910,-317,-1593
1909,-314,-1595
1904,-301,-1603
1903,-298,-1605
1896,-278,-1617
1893,-270,-1622
1887,-254,-1632
1882,-243,-1639
1873,-219,-1653
1876,-227,-1648
1868,-207,-1660
1861,-191,-1669
1854,-175,-1679
1853,-172,-1681
1846,-156,-1690
1838,-136,-1701
1830,-120,-1710
1821,-101,-1720
1818,-92,-1725
1805,-65,-1740
1801,-57,-1744
1788,-29,-1758
1784,-21,-1762
1770,6,-1776
1762,22,-1784
1752,41,-1794
1733,77,-1811
1714,113,-1827
1694,149,-1843
1674,184,-1858
1631,255,-1887
1610,291,-1901
1564,361,-1926
1517,431,-1949
1493,466,-1960
1443,536,-1979
1418,570,-1988
1412,578,-1990
1392,604,-1996
1380,620,-2000
1365,638,-2004
1338,672,-2011
1332,680,-2013
1314,703,-2017
1311,706,-2017
1299,721,-2020
1283,739,-2023
1271,754,-2026
1255,773,-2028
1249,780,-2030
1243,788,-2031
1232,800,-2032
1227,806,-2033
1220,813,-2034
1214,820,-2035
1198,838,-2037
1192,846,-2038
1181,858,-2039
1178,860,-2039
1169,871,-2040
1162,878,-2041
1149,893,-2042
1145,897,-2043
1139,903,-2043
1133,910,-2043
1126,918,-2044
1112,932,-2045
1110,935,-2045
1103,942,-2045
1092,954,-2046
1089,957,-2046
1079,967,-2046
1072,974,-2047
1066,981,-2047
1059,988,-2047
1054,992,-2047
1049,998,-2047
1042,1005,-2047
1035,1012,-2047
1028,1019,-2047
1021,1026,-2047
1018,1029,-2047
1011,1036,-2047
1000,1047,-2047
997,1050,-2047
987,1060,-2047
980,1067,-2047
973,1074,-2047
965,1081,-2046
961,1085,-2046
955,1090,-2046
948,1097,-2046
941,1104,-2045
934,1111,-2045
924,1120,-2044
919,1124,-2044
916,1127,-2044
905,1138,-2043
902,1141,-2043
892,1150,-2042
884,1157,-2041
877,1163,-2041
870,1170,-2040
862,1177,-2039
859,1179,-2039
844,1193,-2038
837,1199,-2037
832,1203,-2036
827,1208,-2036
819,1215,-2035
812,1222,-2034
804,1228,-2033
794,1237,-2031
786,1244,-2030
771,1256,-2028
774,1254,-2029
761,1265,-2027
753,1272,-2025
746,1278,-2024
733,1288,-2022
727,1293,-2021
720,1300,-2020
712,1306,-2019
694,1321,-2015
686,1327,-2014
679,1333,-2012
671,1339,-2011
660,1348,-2009
653,1354,-2007
637,1366,-2004
629,1372,-2002
626,1375,-2001
611,1387,-1998
603,1393,-1996
592,1401,-1994
577,1413,-1990
569,1419,-1988
558,1427,-1985
542,1438,-1981
534,1444,-1979
523,1452,-1976
515,1458,-1974
500,1469,-1970
489,1477,-1966
473,1488,-1962
454,1502,-1956
446,1507,-1954
430,1518,-1949
419,1526,-1945
411,1531,-1943
403,1537,-1940
384,1549,-1934
376,1555,-1931
360,1565,-1926
349,1572,-1922
341,1578,-1919
325,1588,-1913
314,1595,-1909
297,1605,-1903
289,1610,-1900
278,1617,-1896
265,1625,-1891
243,1639,-1882
235,1644,-1879
218,1654,-1872
207,1660,-1868
199,1665,-1864
183,1674,-1858
172,1681,-1853
163,1685,-1849
147,1695,-1842
136,1701,-1837
128,1706,-1834
112,1714,-1826
100,1721,-1821
76,1734,-1810
64,1740,-1805
56,1744,-1801
40,1752,-1793
29,1758,-1788
12,1767,-1780
-773,2028,-1255
-6,1776,-1770
-673,2011,-1338
-42,1794,-1752
-639,2004,-1365
-605,1996,-1391
-77,1811,-1733
-113,1827,-1714
-536,1979,-1443
-149,1843,-1694
-998,2047,-1049
-184,1858,-1673
-220,1873,-1653
-291,1901,-1609
-1029,2047,-1018
-1038,2047,-1009
-1043,2047,-1004
-1050,2047,-996
-1060,2047,-987
-1067,2047,-979
-1074,2047,-972
-1081,2046,-965
-1088,2046,-958
-1090,2046,-955
-1097,2046,-948
-1104,2045,-941
-1108,2045,-936
-1115,2045,-929
-1121,2044,-923
-1127,2044,-916
-1134,2043,-909
-1141,2043,-901
-1145,2042,-897
-1150,2042,-891
-1154,2042,-887
-1157,2041,-884
-1164,2041,-877
-1170,2040,-869
-1177,2039,-862
-1180,2039,-859
-1186,2038,-852
-1193,2038,-844
-1197,2037,-840
-1200,2037,-837
-1206,2036,-829
-1209,2036,-826
-1215,2035,-819
-1222,2034,-811
-1228,2033,-804
-1232,2032,-799
-1237,2031,-794
-1241,2031,-789
-1244,2030,-786
-1250,2029,-778
-1257,2028,-771
-1261,2028,-766
-1266,2027,-760
-1270,2026,-756
-1272,2025,-753
-1278,2024,-745
-1285,2023,-738
-1289,2022,-733
-1294,2021,-727
-1300,2020,-720
-1304,2019,-715
-1306,2019,-712
-1312,2017,-704
-1319,2016,-697
-1321,2015,-694
-1327,2014,-686
-1333,2012,-678
-1340,2011,-671
-1337,2011,-674
-1348,2009,-660
-1352,2008,-655
-1354,2007,-652
-1360,2005,-644
-1366,2004,-637
-1373,2002,-629
-1375,2001,-626
-1381,2000,-618
-1386,1998,-612
-1387,1998,-610
-1393,1996,-603
-1399,1994,-595
-1401,1993,-592
-1411,1990,-579
-1413,1990,-576
-1419,1988,-568
-1427,1985,-558
-1431,1984,-553
-1433,1983,-550
-1444,1979,-534
-1448,1978,-529
-1452,1976,-523
-1456,1975,-518
-1458,1974,-515
-1470,1969,-499
-1475,1967,-491
-1477,1966,-488
-1483,1964,-480
-1489,1962,-473
-1494,1959,-465
-1502,1956,-454
-1507,1954,-446
-1511,1952,-441
-1513,1951,-438
-1526,1945,-419
-1529,1944,-414
-1531,1943,-411
-1542,1937,-395
-1550,1934,-384
-1553,1932,-379
-1555,1931,-376
-1565,1926,-360
-1573,1922,-348
-1578,1919,-340
-1583,1916,-332
-1588,1913,-324
-1595,1909,-313
-1600,1906,-305
-1606,1903,-297
-1611,1900,-289
-1618,1896,-278
-1627,1890,-262
-1632,1886,-254
-1639,1882,-242
-1644,1879,-234
-1654,1872,-218
-1660,1868,-207
-1665,1864,-199
-1675,1858,-182
-1681,1853,-171
-1690,1846,-155
-1695,1842,-147
-1701,1837,-136
-1710,1830,-119
-1721,1821,-100
-1725,1817,-92
-1734,1810,-75
-1740,1805,-64
-1753,1793,-40
-1758,1787,-28
-1771,1775,-4
-1777,1770,6
-1789,1757,31
-1794,1751,42
-1811,1733,78
-1827,1713,114
-1843,1694,149
-1859,1673,185
-1873,1652,220
-1887,1631,256
-1926,1564,362
-1979,1443,536
-1997,1391,605
-2004,1365,639
-2011,1338,673
-2018,1311,706
-2019,1304,714
-2023,1283,740
-2025,1277,748
-2029,1255,773
-2030,1248,781
-2031,1242,788
-2033,1226,806
-2034,1220,814
-2036,1207,829
-2037,1198,839
-2038,1191,846
-2039,1178,861
-2040,1168,871
-2041,1162,879
-2042,1155,886
-2042,1148,893
-2043,1139,904
-2044,1132,911
-2044,1121,923
-2045,1109,935
-2045,1112,933
-2045,1102,943
-2046,1088,957
-2046,1079,967
-2046,1082,964
-2047,1072,974
-2047,1065,981
-2047,1058,989
-2047,1048,999
-2047,1041,1006
-2047,1034,1013
-2047,1027,1020
-2047,1017,1030
-2047,1020,1027
-2047,1013,1034
-2047,1010,1037
-2047,996,1051
-2047,986,1060
-2047,989,1058
-2047,979,1067
-2047,972,1074
-2046,965,1081
-2046,958,1088
-2046,955,1091
-2046,948,1098
-2045,940,1104
-2045,933,1111
-2044,926,1118
-2044,923,1121
-2044,916,1128
-2043,907,1136
-2043,901,1141
-2042,891,1151
-2041,884,1157
-2041,876,1164
-2040,869,1171
-2039,862,1177
-2039,859,1180
-2038,851,1187
-2038,844,1193
-2037,836,1200
-2036,829,1206
-2036,826,1209
-2035,819,1216
-2033,804,1229
-2032,799,1233
-2031,793,1238
-2031,789,1242
-2030,786,1244
-2028,771,1257
-2027,760,1266
-2025,753,1272
-2024,745,1279
-2023,737,1285
-2021,727,1294
-2020,719,1300
-2019,712,1306
-2017,704,1313
-2015,693,1321
-2014,686,1328
-2012,678,1334
-2011,673,1338
-2009,660,1348
-2007,652,1355
-2004,636,1367
-2001,626,1375
-2000,618,1381
-1998,610,1387
-1996,602,1393
-1993,592,1401
-1992,584,1407
-1990,576,1413
-1985,557,1427
-1984,552,1431
-1983,549,1433
-1978,529,1448
-1976,523,1453
-1972,507,1464
-1969,499,1470
-1966,488,1478
-1962,472,1489
-1959,464,1494
-1956,453,1502
-1953,445,1508
-1949,429,1519
-1945,418,1526
-1942,410,1532
-1937,394,1542
-1934,383,1550
-1928,367,1560
-1923,351,1571
-1922,348,1573
-1916,332,1583
-1913,324,1588
-1909,313,1596
-1903,297,1606
-1900,289,1611
-1896,277,1618
-1889,261,1628
-1882,242,1639
-1879,234,1644
-1875,226,1649
-1872,218,1654
-1868,206,1661
-1861,190,1670
-1854,174,1679
-1853,171,1681
-1846,155,1690
-1838,138,1700
-1837,135,1701
-1826,111,1715
-1821,100,1721
-1817,91,1725
-1814,83,1730
-1806,67,1738
-1804,64,1740
-1797,48,1749
-1787,28,1759
-1783,20,1763
-1775,4,1771
-1770,-7,1777
-1761,-23,1785
-1757,-31,1789
-1751,-42,1794
-1283,-740,2023
-1732,-78,1811
-1079,-967,2046
-1713,-114,1828
-1364,-639,2004
-1048,-999,2047
-1693,-150,1843
-1417,-571,1988
-1673,-185,1859
-1652,-221,1873
-1631,-256,1888
-1609,-292,1901
-1587,-327,1914
-972,-1074,2047
-956,-1090,2046
-954,-1091,2046
-947,-1098,2046
-940,-1105,2045
-933,-1112,2045
-926,-1118,2044
-923,-1121,2044
-908,-1135,2043
-901,-1141,2043
-894,-1148,2042
-891,-1151,2042
-883,-1158,2041
-876,-1164,2041
-874,-1166,2041
-869,-1171,2040
-861,-1178,2039
-858,-1180,2039
-851,-1187,2038
-844,-1193,2038
-836,-1200,2037
-832,-1204,2036
-829,-1207,2036
-826,-1209,2035
-814,-1220,2034
-811,-1222,2034
-806,-1226,2033
-799,-1233,2032
-793,-1238,2031
-785,-1244,2030
-778,-1251,2029
-773,-1255,2029
-770,-1257,2028
-763,-1264,2027
-760,-1266,2027
-752,-1273,2025
-745,-1279,2024
-740,-1283,2023
-737,-1285,2023
-729,-1292,2022
-727,-1294,2021
-714,-1304,2019
-711,-1307,2018
-704,-1313,2017
-699,-1317,2016
-693,-1322,2015
-685,-1328,2014
-681,-1332,2013
-678,-1334,2012
-670,-1340,2011
-662,-1346,2009
-659,-1349,2008
-652,-1355,2007
-644,-1361,2005
-639,-1365,2004
-636,-1367,2004
-628,-1373,2002
-625,-1375,2001
-618,-1381,1999
-610,-1387,1998
-605,-1391,1997
-602,-1393,1996
-594,-1399,1994
-591,-1402,1993
-579,-1411,1990
-576,-1413,1990
-568,-1419,1988
-563,-1423,1986
-557,-1427,1985
-549,-1433,1983
-541,-1439,1981
-533,-1445,1979
-525,-1451,1977
-522,-1453,1976
-515,-1459,1974
-507,-1464,1971
-499,-1470,1969
-491,-1476,1967
-488,-1478,1966
-478,-1485,1963
-472,-1489,1961
-464,-1495,1959
-456,-1500,1957
-453,-1502,1956
-445,-1508,1953
-437,-1513,1951
-429,-1519,1948
-418,-1526,1945
-410,-1532,1942
-402,-1537,1940
-394,-1543,1937
-386,-1548,1935
-383,-1550,1933
-375,-1555,1931
-367,-1561,1928
-359,-1566,1925
-348,-1573,1921
-335,-1582,1917
-332,-1584,1916
-316,-1594,1910
-313,-1596,1909
-296,-1606,1903
-288,-1611,1900
-280,-1616,1897
-277,-1618,1896
-269,-1623,1892
-253,-1633,1886
-242,-1640,1882
-234,-1644,1879
-225,-1649,1875
-217,-1654,1872
-206,-1661,1867
-190,-1670,1861
-182,-1675,1857
-171,-1681,1852
-154,-1691,1845
-146,-1695,1842
-135,-1702,1837
-127,-1706,1833
-110,-1715,1826
-99,-1721,1821
-83,-1730,1813
-63,-1740,1804
-55,-1745,1800
-47,-1749,1796
-28,-1759,1787
-11,-1767,1779
7,-1777,1769
15,-1781,1765
43,-1794,1751
51,-1798,1747
78,-1811,1732
87,-1815,1728
114,-1828,1713
150,-1844,1693
158,-1847,1689
186,-1859,1673
221,-1873,1652
292,-1901,1609
327,-1914,1586
398,-1938,1540
606,-1997,1391
640,-2004,1364
681,-2013,1331
707,-2018,1310
741,-2023,1282
756,-2026,1270
774,-2029,1254
789,-2031,1241
807,-2033,1226
822,-2035,1213
839,-2037,1197
847,-2038,1190
862,-2039,1177
872,-2040,1168
879,-2041,1161
894,-2042,1148
904,-2043,1138
911,-2044,1132
919,-2044,1125
926,-2044,1118
936,-2045,1108
945,-2046,1100
951,-2046,1095
958,-2046,1088
968,-2047,1078
979,-2047,1067
982,-2047,1064
999,-2047,1048
996,-2047,1050
1006,-2047,1041
1013,-2047,1034
1020,-2047,1027
1030,-2047,1017
1034,-2047,1013
1037,-2047,1010
1044,-2047,1003
1051,-2047,996
1061,-2047,986
1068,-2047,979
1075,-2047,971
1083,-2046,963
1082,-2046,964
1091,-2046,954
1098,-2046,947
1105,-2045,940
1112,-2045,932
1119,-2044,925
1121,-2044,922
1128,-2044,915
1135,-2043,908
1142,-2043,901
1148,-2042,893
1151,-2042,890
1158,-2041,883
1169,-2040,871
1171,-2040,868
1180,-2039,858
1185,-2039,854
1187,-2038,851
1194,-2037,843
1200,-2037,836
1210,-2035,825
1216,-2035,818
1223,-2034,811
1229,-2033,803
1233,-2032,798
1238,-2031,793
1245,-2030,785
1251,-2029,778
1258,-2028,770
1266,-2026,760
1273,-2025,752
1279,-2024,744
1283,-2023,740
1286,-2023,737
1294,-2021,726
1301,-2020,719
1307,-2018,711
1313,-2017,703
1322,-2015,693
1328,-2014,685
1334,-2012,677
1340,-2011,670
1349,-2008,659
1355,-2007,651
1361,-2005,643
1367,-2003,636
1376,-2001,625
1382,-1999,617
1388,-1998,609
1394,-1996,602
1402,-1993,591
1408,-1991,583
1414,-1989,575
1420,-1988,567
1428,-1985,557
1434,-1983,549
1439,-1981,541
1453,-1976,522
1459,-1974,514
1462,-1972,509
1465,-1971,506
1478,-1966,487
1484,-1964,479
1489,-1961,472
1495,-1959,464
1503,-1956,453
1514,-1951,437
1519,-1948,429
1527,-1945,418
1537,-1940,402
1543,-1937,394
1550,-1933,383
1556,-1931,375
1561,-1928,367
1573,-1921,347
1579,-1918,339
1584,-1916,331
1596,-1909,312
1601,-1906,304
1606,-1903,296
1618,-1895,277
1623,-1892,269
1628,-1889,261
1640,-1882,241
1645,-1878,233
1649,-1875,225
1661,-1867,206
1666,-1864,198
1670,-1861,190
1682,-1852,170
1686,-1849,162
1691,-1845,154
1702,-1837,135
1706,-1833,126
1715,-1826,110
1721,-1821,99
1730,-1813,83
1740,-1804,63
1745,-1800,55
1749,-1796,47
1759,-1787,27
1763,-1783,19
1777,-1769,-7
1781,-1765,-16
2018,-1310,-707
1795,-1751,-43
2004,-1364,-640
1811,-1732,-79
1989,-1416,-572
1828,-1713,-115
1844,-1693,-150
1859,-1673,-186
1874,-1652,-221
1888,-1630,-257
1901,-1608,-292
2047,-1057,-990
2047,-1047,-999
2047,-1040,-1006
2047,-1033,-1014
2047,-1026,-1021
2047,-1017,-1030
2047,-1009,-1037
2047,-1004,-1043
2047,-1002,-1044
2047,-985,-1061
2047,-988,-1058
2047,-978,-1068
2047,-971,-1075
2046,-967,-1079
2046,-954,-1092
2046,-952,-1093
2046,-947,-1098
2045,-931,-1114
2045,-939,-1105
2044,-920,-1123
2044,-922,-1122
2044,-915,-1128
2043,-909,-1134
2043,-908,-1135
2043,-900,-1142
2042,-890,-1151
2041,-883,-1158
2041,-878,-1162
2041,-875,-1165
2040,-868,-1172
2039,-858,-1181
2039,-856,-1182
2038,-850,-1187
2038,-846,-1191
2037,-843,-1194
2036,-831,-1205
2035,-825,-1210
2035,-821,-1214
2035,-818,-1216
2033,-809,-1224
2034,-810,-1223
2031,-794,-1237
2031,-792,-1238
2031,-788,-1242
2030,-785,-1245
2029,-777,-1251
2028,-770,-1258
2026,-759,-1267
2026,-758,-1268
2025,-752,-1273
2024,-745,-1278
2024,-744,-1279
2023,-736,-1286
2021,-726,-1295
2021,-724,-1296
2020,-718,-1301
2019,-712,-1306
2018,-711,-1307
2016,-698,-1317
2015,-692,-1322
2014,-685,-1328
2013,-680,-1332
2011,-672,-1338
2012,-677,-1335
2008,-659,-1349
2007,-654,-1353
2007,-651,-1355
2005,-641,-1363
2005,-643,-1361
2001,-625,-1376
2000,-620,-1380
1999,-617,-1382
1997,-607,-1389
1998,-609,-1388
1993,-591,-1402
1993,-589,-1403
1991,-583,-1408
1988,-570,-1418
1989,-575,-1414
1985,-559,-1426
1985,-556,-1428
1983,-548,-1434
1981,-541,-1440
1979,-533,-1445
1976,-522,-1453
1973,-514,-1459
1971,-506,-1465
1969,-498,-1470
1967,-490,-1476
1966,-487,-1478
1964,-479,-1484
1961,-471,-1490
1959,-463,-1495
1956,-452,-1503
1953,-444,-1508
1951,-436,-1514
1948,-428,-1519
1945,-417,-1527
1942,-409,-1532
1940,-401,-1538
1935,-389,-1546
1933,-382,-1550
1931,-374,-1556
1928,-366,-1561
1922,-350,-1572
1921,-347,-1574
1913,-323,-1589
1915,-331,-1584
1909,-312,-1596
1906,-304,-1601
1900,-288,-1611
1895,-276,-1618
1892,-268,-1623
1889,-260,-1628
1881,-241,-1640
1878,-233,-1645
1875,-225,-1650
1867,-205,-1661
1864,-197,-1666
1860,-189,-1671
1852,-170,-1682
1845,-154,-1691
1838,-137,-1700
1837,-134,-1702
1829,-118,-1711
1821,-99,-1722
1813,-82,-1730
1804,-63,-1741
1796,-47,-1749
1787,-27,-1759
1779,-11,-1767
1769,8,-1777
1751,43,-1795
1732,79,-1812
1728,87,-1815
1713,115,-1828
1693,151,-1844
1672,186,-1859
1630,257,-1888
1608,293,-1901
1563,363,-1927
1516,433,-1950
1467,503,-1970
1442,538,-1980
1416,572,-1989
1390,606,-1997
1384,614,-1999
1364,640,-2004
1352,656,-2008
1337,674,-2011
1324,689,-2014
1310,708,-2018
1297,723,-2021
1282,741,-2024
1276,749,-2025
1269,756,-2026
1254,774,-2029
1247,782,-2030
1241,789,-2031
1225,807,-2033
1219,815,-2034
1212,822,-2035
1199,837,-2037
1197,840,-2037
1190,848,-2038
1177,862,-2039
1166,874,-2041
1167,873,-2040
1154,887,-2042
1147,895,-2042
1138,905,-2043
1131,912,-2044
1124,919,-2044
1117,927,-2045
1108,937,-2045
1104,941,-2045
1101,944,-2045
1090,956,-2046
1087,958,-2046
1078,968,-2047
1071,976,-2047
1064,983,-2047
1057,990,-2047
1047,1000,-2047
1040,1007,-2047
1033,1014,-2047
1026,1021,-2047
1022,1025,-2047
1016,1031,-2047
1009,1038,-2047
1002,1045,-2047
995,1052,-2047
988,1059,-2047
985,1061,-2047
978,1068,-2047
971,1075,-2047
959,1087,-2046
954,1092,-2046
949,1096,-2046
946,1099,-2046
932,1112,-2045
925,1119,-2044
922,1122,-2044
915,1129,-2044
907,1136,-2043
900,1142,-2043
890,1152,-2042
891,1151,-2042
882,1158,-2041
871,1169,-2040
868,1172,-2040
857,1181,-2039
850,1188,-2038
843,1194,-2037
835,1201,-2037
825,1210,-2035
817,1217,-2034
810,1223,-2034
802,1230,-2033
795,1236,-2032
792,1239,-2031
777,1252,-2029
769,1258,-2028
759,1267,-2026
754,1271,-2026
751,1273,-2025
736,1286,-2023
726,1295,-2021
718,1301,-2020
710,1307,-2018
703,1314,-2017
692,1322,-2015
684,1329,-2013
672,1339,-2011
669,1341,-2010
658,1349,-2008
643,1362,-2005
635,1368,-2003
624,1376,-2001
617,1382,-1999
601,1394,-1996
590,1402,-1993
582,1408,-1991
575,1414,-1989
556,1428,-1985
548,1434,-1983
532,1446,-1978
521,1454,-1976
514,1459,-1973
506,1465,-1971
487,1479,-1966
479,1484,-1964
471,1490,-1961
452,1503,-1956
444,1509,-1953
428,1520,-1948
417,1527,-1945
401,1538,-1939
393,1543,-1937
382,1551,-1933
366,1561,-1928
350,1572,-1922
347,1574,-1921
331,1584,-1915
311,1596,-1908
303,1602,-1905
287,1612,-1899
276,1619,-1895
268,1624,-1892
252,1633,-1886
241,1640,-1881
233,1645,-1878
208,1659,-1868
205,1661,-1867
197,1666,-1864
173,1680,-1853
170,1682,-1852
153,1691,-1845
134,1702,-1836
126,1707,-1833
109,1716,-1826
98,1722,-1820
90,1726,-1817
74,1735,-1809
62,1741,-1804
46,1749,-1796
33,1756,-1790
27,1759,-1787
10,1768,-1779
-8,1777,-1769
-708,2018,-1309
-674,2012,-1337
-44,1795,-1751
-607,1997,-1390
-80,1812,-1732
-572,1989,-1416
-115,1828,-1712
-511,1973,-1461
-151,1844,-1693
-187,1859,-1672
-222,1874,-1651
-258,1888,-1630
-1028,2047,-1019
-1031,2047,-1016
-1045,2047,-1002
-1054,2047,-993
-1052,2047,-995
-1062,2047,-985
-1069,2047,-978
-1076,2047,-970
-1083,2046,-963
-1089,2046,-956
-1092,2046,-953
-1099,2046,-946
-1106,2045,-939
-1113,2045,-932
-1120,2044,-924
-1122,2044,-921
-1129,2044,-914
-1136,2043,-907
-1143,2043,-900
-1153,2042,-888
-1152,2042,-889
-1159,2041,-882
-1165,2041,-875
-1169,2040,-870
-1172,2040,-867
-1179,2039,-860
-1181,2039,-857
-1188,2038,-850
-1195,2037,-842
-1199,2037,-838
-1201,2037,-835
-1208,2036,-827
-1210,2035,-825
-1217,2034,-817
-1223,2034,-810
-1230,2033,-802
-1236,2032,-795
-1239,2031,-792
-1245,2030,-784
-1249,2029,-780
-1252,2029,-777
-1258,2028,-769
-1265,2027,-762
-1267,2026,-759
-1274,2025,-751
-1278,2024,-746
-1280,2024,-743
-1286,2023,-736
-1293,2021,-728
-1295,2021,-725
-1301,2020,-718
-1305,2019,-713
-1308,2018,-710
-1318,2016,-698
-1323,2015,-692
-1328,2014,-685
-1329,2013,-684
-1335,2012,-676
-1341,2010,-669
-1345,2009,-664
-1350,2008,-658
-1356,2007,-650
-1362,2005,-643
-1366,2004,-638
-1368,2003,-635
-1378,2001,-622
-1376,2001,-624
-1382,1999,-616
-1388,1997,-608
-1394,1996,-601
-1400,1994,-593
-1403,1993,-590
-1409,1991,-582
-1414,1989,-574
-1420,1987,-566
-1428,1985,-556
-1430,1984,-554
-1434,1983,-548
-1440,1980,-540
-1446,1978,-532
-1452,1976,-524
-1454,1975,-521
-1460,1973,-513
-1465,1971,-505
-1471,1969,-497
-1479,1966,-486
-1484,1963,-479
-1490,1961,-471
-1496,1959,-463
-1501,1956,-455
-1503,1955,-452
-1509,1953,-444
-1514,1951,-436
-1525,1946,-420
-1527,1945,-417
-1536,1940,-404
-1538,1939,-401
-1549,1934,-385
-1551,1933,-382
-1556,1930,-374
-1567,1925,-358
-1572,1922,-350
-1574,1921,-346
-1579,1918,-338
-1584,1915,-330
-1597,1908,-311
-1602,1905,-303
-1607,1902,-295
-1617,1896,-279
-1619,1895,-276
-1624,1892,-268
-1629,1889,-260
-1640,1881,-240
-1650,1875,-224
-1655,1871,-216
-1662,1867,-205
-1666,1863,-197
-1676,1857,-180
-1682,1852,-169
-1691,1845,-153
-1702,1836,-134
-1707,1833,-125
-1711,1829,-117
-1722,1820,-98
-1726,1816,-90
-1741,1804,-62
-1745,1800,-54
-1760,1786,-26
-1764,1782,-18
-1768,1778,-10
-1778,1769,8
-1795,1750,44
-1799,1746,52
-1812,1732,80
-1828,1712,116
-1844,1692,151
-1859,1672,187
-1874,1651,222
-1902,1608,293
-1939,1539,399
-1980,1441,538
-1989,1416,573
-2005,1363,641
-2006,1357,649
-2012,1336,675
-2018,1309,708
-2021,1296,724
-2024,1281,742
-2025,1275,749
-2029,1253,775
-2030,1247,783
-2031,1240,790
-2033,1225,808
-2035,1212,823
-2036,1205,830
-2037,1196,841
-2039,1183,856
-2040,1172,867
-2040,1167,873
-2041,1160,881
-2042,1147,895
-2043,1137,905
-2044,1130,913
-2044,1124,920
-2044,1119,924
-2045,1107,937
-2046,1100,945
-2046,1094,952
-2046,1087,959
-2047,1077,969
-2047,1070,976
-2047,1063,983
-2047,1056,990
-2047,1049,998
-2047,1047,1000
-2047,1040,1007
-2047,1033,1014
-2047,1025,1022
-2047,1016,1031
-2047,1009,1038
-2047,1001,1045
-2047,994,1052
-2047,990,1057
-2047,984,1062
-2047,977,1069
-2047,973,1073
-2047,970,1076
-2046,956,1090
-2046,953,1092
-2046,946,1099
-2045,939,1106
-2045,931,1113
-2044,924,1120
-2044,921,1123
-2044,914,1129
-2043,907,1136
-2043,899,1143
-2042,892,1150
-2042,889,1152
-2041,882,1159
-2040,870,1170
-2040,867,1172
-2039,857,1182
-2038,849,1188
-2037,842,1195
-2037,835,1201
-2035,824,1211
-2035,820,1215
-2034,817,1217
-2033,802,1230
-2032,794,1237
-2031,791,1239
-2030,784,1246
-2028,769,1259
-2027,761,1265
-2026,758,1268
-2025,751,1274
-2024,743,1280
-2023,736,1287
-2021,725,1295
-2020,717,1302
-2018,710,1308
-2015,694,1320
-2015,691,1323
-2013,684,1329
-2010,668,1341
-2009,661,1348
-2008,658,1350
-2007,650,1356
-2003,634,1368
-2001,624,1377
-1999,616,1383
-1997,608,1389
-1996,600,1395
-1993,590,1403
-1989,574,1415
-1987,566,1421
-1984,555,1429
-1982,547,1435
-1978,532,1446
-1975,521,1454
-1973,513,1460
-1971,505,1466
-1966,486,1479
-1963,478,1485
-1961,470,1490
-1955,451,1504
-1953,443,1509
-1950,435,1515
-1944,416,1528
-1942,408,1533
-1939,400,1538
-1933,381,1551
-1930,373,1556
-1925,357,1567
-1921,346,1574
-1918,338,1579
-1915,330,1585
-1908,311,1597
-1905,303,1602
-1902,295,1607
-1895,275,1619
-1892,267,1624
-1889,259,1629
-1881,240,1641
-1878,232,1645
-1871,216,1655
-1867,204,1662
-1860,188,1671
-1857,180,1676
-1852,169,1682
-1845,153,1692
-1838,136,1701
-1836,133,1702
-1829,117,1711
-1822,101,1720
-1820,98,1722
-1813,81,1731
-1809,73,1735
-1803,62,1741
-1796,45,1750
-1786,26,1760
-1782,18,1764
-1778,10,1768
-1768,-9,1778
-1764,-17,1782
-1756,-33,1790
-1750,-44,1795
-1253,-775,2029
-1731,-80,1812
-1309,-709,2018
-1336,-675,2012
-1712,-116,1828
-1046,-1001,2047
-1692,-152,1844
-1672,-187,1860
-1015,-1032,2047
-1651,-223,1874
-1630,-258,1888
-1608,-294,1902
-1585,-329,1915
-970,-1076,2047
-963,-1083,2046
-953,-1093,2046
-945,-1100,2046
-938,-1106,2045
-931,-1113,2045
-924,-1120,2044
-921,-1123,2044
-914,-1130,2044
-906,-1136,2043
-899,-1143,2043
-892,-1150,2042
-889,-1153,2042
-877,-1163,2041
-874,-1166,2041
-867,-1173,2040
-858,-1181,2039
-856,-1182,2039
-849,-1189,2038
-842,-1195,2037
-834,-1202,2036
-827,-1208,2036
-824,-1211,2035
-819,-1215,2035
-816,-1217,2034
-809,-1224,2033
-801,-1231,2032
-794,-1237,2031
-791,-1240,2031
-784,-1246,2030
-776,-1252,2029
-768,-1259,2028
-764,-1263,2027
-758,-1268,2026
-753,-1272,2026
-750,-1274,2025
-743,-1281,2024
-735,-1287,2023
-728,-1293,2021
-725,-1296,2021
-720,-1300,2020
-717,-1302,2019
-709,-1308,2018
-702,-1314,2017
-694,-1321,2015
-691,-1323,2015
-683,-1329,2013
-679,-1333,2012
-676,-1336,2012
-666,-1343,2010
-660,-1348,2009
-657,-1350,2008
-650,-1356,2006
-642,-1362,2005
-634,-1368,2003
-629,-1372,2002
-623,-1377,2001
-619,-1381,2000
-616,-1383,1999
-608,-1389,1997
-600,-1395,1995
-592,-1401,1994
-589,-1403,1993
-581,-1409,1991
-574,-1415,1989
-566,-1421,1987
-561,-1424,1986
-555,-1429,1984
-547,-1435,1982
-542,-1438,1981
-539,-1441,1980
-527,-1450,1977
-520,-1454,1975
-516,-1458,1974
-513,-1460,1973
-497,-1471,1969
-492,-1475,1967
-486,-1479,1966
-478,-1485,1963
-470,-1490,1961
-462,-1496,1959
-457,-1499,1957
-451,-1504,1955
-443,-1509,1953
-435,-1515,1950
-427,-1520,1948
-419,-1526,1945
-416,-1528,1944
-403,-1536,1940
-400,-1539,1939
-384,-1549,1934
-381,-1551,1933
-373,-1557,1930
-365,-1562,1927
-357,-1567,1925
-346,-1574,1921
-338,-1580,1918
-330,-1585,1915
-322,-1590,1912
-310,-1597,1908
-302,-1602,1905
-294,-1607,1902
-286,-1612,1899
-275,-1619,1895
-262,-1627,1890
-259,-1629,1889
-243,-1639,1882
-240,-1641,1881
-223,-1651,1874
-207,-1660,1868
-204,-1662,1867
-196,-1667,1863
-180,-1676,1856
-169,-1683,1852
-152,-1692,1845
-144,-1696,1841
-133,-1703,1836
-117,-1712,1829
-112,-1714,1827
-97,-1722,1820
-81,-1731,1812
-61,-1741,1803
-53,-1746,1799
-37,-1754,1792
-26,-1760,1786
-9,-1768,1778
9,-1778,1768
25,-1786,1760
45,-1795,1750
53,-1799,1746
81,-1812,1731
89,-1816,1727
116,-1829,1712
152,-1844,1692
188,-1860,1672
223,-1874,1651
259,-1888,1629
294,-1902,1607
365,-1927,1562
470,-1961,1491
607,-1997,1389
642,-2005,1363
675,-2012,1336
709,-2018,1309
750,-2025,1274
742,-2024,1281
776,-2029,1253
791,-2031,1240
809,-2033,1224
816,-2034,1218
824,-2035,1211
841,-2037,1195
849,-2038,1189
874,-2041,1166
881,-2041,1160
889,-2042,1153
896,-2042,1146
906,-2043,1137
913,-2044,1130
921,-2044,1123
935,-2045,1109
938,-2045,1107
950,-2046,1096
952,-2046,1093
970,-2047,1077
977,-2047,1070
984,-2047,1063
991,-2047,1056
1001,-2047,1046
1005,-2047,1042
1008,-2047,1039
1019,-2047,1028
1022,-2047,1025
1032,-2047,1015
1039,-2047,1008
1046,-2047,1001
1053,-2047,994
1060,-2047,987
1063,-2047,984
1070,-2047,977
1081,-2046,965
1083,-2046,962
1093,-2046,952
1100,-2046,945
1107,-2045,938
1108,-2045,936
1114,-2045,931
1123,-2044,921
1130,-2044,913
1137,-2043,906
1141,-2043,902
1143,-2043,899
1153,-2042,889
1157,-2041,884
1160,-2041,881
1170,-2040,869
1173,-2040,866
1182,-2039,856
1189,-2038,849
1195,-2037,841
1202,-2036,834
1209,-2036,826
1211,-2035,824
1218,-2034,816
1228,-2033,804
1231,-2032,801
1240,-2031,791
1244,-2030,786
1246,-2030,783
1257,-2028,771
1259,-2028,768
1268,-2026,758
1274,-2025,750
1281,-2024,742
1287,-2023,735
1296,-2021,724
1302,-2019,717
1308,-2018,709
1315,-2017,701
1323,-2015,691
1327,-2014,686
1330,-2013,683
1340,-2011,671
1342,-2010,668
1350,-2008,657
1357,-2006,649
1363,-2005,642
1372,-2002,629
1377,-2001,623
1383,-1999,615
1389,-1997,608
1403,-1993,589
1405,-1992,587
1409,-1991,581
1421,-1987,565
1429,-1984,555
1435,-1982,547
1441,-1980,539
1447,-1978,531
1455,-1975,520
1460,-1973,512
1472,-1969,496
1480,-1965,485
1485,-1963,478
1491,-1961,470
1502,-1956,454
1504,-1955,451
1513,-1951,438
1515,-1950,435
1528,-1944,416
1533,-1942,408
1544,-1936,392
1552,-1933,381
1557,-1930,373
1562,-1927,365
1575,-1921,345
1580,-1918,337
1585,-1915,329
1597,-1908,310
1602,-1905,302
1607,-1902,294
1619,-1895,275
1622,-1893,270
1624,-1892,267
1634,-1885,251
1641,-1881,239
1646,-1878,231
1660,-1868,207
1662,-1866,204
1672,-1860,188
1681,-1853,171
1683,-1851,168
1692,-1844,152
1703,-1836,133
1707,-1832,124
1712,-1829,116
1722,-1820,97
1727,-1816,89
1731,-1812,81
1742,-1803,61
1746,-1799,53
1758,-1787,29
1760,-1786,25
1768,-1778,9
1778,-1768,-9
2018,-1308,-709
1795,-1750,-45
2005,-1362,-642
1812,-1731,-81
1989,-1415,-574
1829,-1712,-117
1845,-1692,-152
1860,-1671,-188
1874,-1651,-223
1889,-1629,-259
1915,-1585,-330
2047,-1062,-984
2047,-1051,-996
2047,-1046,-1001
2047,-1032,-1015
2047,-1025,-1022
2047,-1015,-1032
2047,-1013,-1034
2047,-1008,-1039
2047,-1001,-1046
2047,-993,-1053
2047,-984,-1063
2047,-975,-1071
2047,-976,-1070
2047,-969,-1077
2046,-958,-1088
2046,-955,-1091
2046,-952,-1093
2046,-948,-1098
2045,-938,-1107
2045,-930,-1114
2044,-920,-1123
2044,-916,-1128
2044,-913,-1130
2043,-906,-1137
2043,-898,-1144
2042,-891,-1150
2042,-888,-1153
2041,-884,-1157
2041,-881,-1160
2041,-874,-1166
2039,-859,-1180
2039,-854,-1184
2039,-856,-1182
2038,-848,-1189
2037,-841,-1196
2036,-834,-1202
2036,-829,-1206
2035,-823,-1211
2034,-814,-1219
2034,-816,-1218
2033,-808,-1225
2032,-801,-1231
2031,-793,-1238
2031,-790,-1240
2030,-786,-1244
2030,-783,-1247
2029,-775,-1253
2043,-900,-1143
2027,-760,-1266
2026,-757,-1268
2025,-750,-1275
2024,-742,-1281
2022,-735,-1287
2022,-730,-1291
2021,-724,-1296
2020,-722,-1298
2019,-716,-1302
2017,-701,-1315
2015,-692,-1323
2015,-693,-1321
2015,-690,-1324
2013,-683,-1330
2012,-675,-1336
2010,-667,-1342
2009,-663,-1346
2008,-657,-1351
2007,-652,-1354
2006,-649,-1357
2005,-641,-1363
2015,-695,-1320
2001,-623,-1377
1999,-615,-1383
2000,-618,-1381
1997,-607,-1389
1995,-599,-1395
1993,-589,-1404
1991,-581,-1410
1990,-579,-1411
1989,-573,-1415
1987,-565,-1421
1984,-554,-1429
1982,-546,-1435
1980,-539,-1441
1978,-531,-1447
1977,-526,-1450
1975,-520,-1455
1973,-512,-1461
1971,-504,-1466
1967,-491,-1475
1965,-485,-1480
1963,-477,-1485
1962,-472,-1489
1961,-469,-1491
1956,-453,-1502
1955,-450,-1504
1950,-434,-1515
1948,-426,-1521
1945,-418,-1526
1944,-415,-1528
1942,-407,-1534
1936,-391,-1544
1934,-383,-1550
1933,-380,-1552
1930,-372,-1557
1923,-351,-1571
1920,-345,-1575
1918,-337,-1580
1915,-329,-1585
1908,-310,-1597
1905,-302,-1603
1902,-294,-1608
1897,-281,-1616
1895,-274,-1620
1888,-258,-1630
1885,-250,-1634
1881,-239,-1641
1877,-231,-1646
1871,-215,-1656
1866,-203,-1662
1860,-187,-1672
1851,-168,-1683
1848,-160,-1688
1844,-152,-1692
1836,-132,-1703
1828,-116,-1712
1820,-96,-1723
1816,-88,-1727
1803,-61,-1742
1799,-53,-1746
1786,-25,-1760
1782,-17,-1764
1768,10,-1778
1750,45,-1796
1741,62,-1803
1731,81,-1813
1711,117,-1829
1692,153,-1845
1671,188,-1860
1650,224,-1875
1607,295,-1902
1585,330,-1915
1515,435,-1950
1490,470,-1961
1466,505,-1971
1440,540,-1980
1415,574,-1989
1403,590,-1993
1389,608,-1997
1362,642,-2005
1350,658,-2008
1335,676,-2012
1323,691,-2015
1308,710,-2018
1302,717,-2020
1289,733,-2022
1280,743,-2024
1268,758,-2026
1261,766,-2027
1252,776,-2029
1239,791,-2031
1233,799,-2032
1224,809,-2033
1217,817,-2034
