948,1097,-2046
941,1104,-2045
934,1111,-2045
939,1105,-2045
924,1120,-2044
916,1127,-2044
909,1134,-2043
902,1141,-2043
918,1126,-2044
892,1150,-2042
887,1154,-2042
877,1163,-2041
872,1168,-2040
859,1179,-2039
852,1186,-2038
844,1193,-2038
837,1199,-2037
827,1208,-2036
819,1215,-2035
812,1222,-2034
804,1228,-2033
794,1237,-2031
786,1244,-2030
779,1250,-2029
771,1256,-2028
761,1265,-2027
746,1278,-2024
738,1285,-2023
744,1280,-2024
727,1293,-2021
705,1312,-2017
694,1321,-2015
686,1327,-2014
671,1339,-2011
677,1335,-2012
660,1348,-2009
637,1366,-2004
626,1375,-2001
619,1381,-2000
603,1393,-1996
592,1401,-1994
577,1413,-1990
558,1427,-1985
542,1438,-1981
534,1444,-1979
523,1452,-1976
508,1464,-1972
489,1477,-1966
473,1488,-1962
454,1502,-1956
438,1513,-1951
430,1518,-1949
419,1526,-1945
384,1549,-1934
376,1555,-1931
360,1565,-1926
349,1572,-1922
341,1578,-1919
314,1595,-1909
305,1600,-1906
278,1617,-1896
270,1622,-1893
254,1632,-1887
243,1639,-1882
226,1649,-1876
207,1660,-1868
199,1665,-1864
172,1681,-1853
163,1685,-1849
155,1690,-1846
136,1701,-1837
120,1710,-1830
100,1721,-1821
92,1725,-1818
64,1740,-1805
68,1738,-1806
56,1744,-1801
29,1758,-1788
21,1762,-1784
-6,1776,-1770
-14,1780,-1766
-773,2028,-1255
-42,1794,-1752
-706,2018,-1311
-77,1811,-1733
-639,2004,-1365
-113,1827,-1714
-967,2046,-1079
-149,1843,-1694
-184,1858,-1673
-220,1873,-1653
-256,1887,-1631
-291,1901,-1609
-1036,2047,-1011
-1043,2047,-1004
-1050,2047,-996
-1060,2047,-987
-1067,2047,-979
-1078,2047,-968
-1081,2046,-965
-1090,2046,-955
-1097,2046,-948
-1104,2045,-941
-1111,2045,-933
-1118,2045,-926
-1121,2044,-923
-1127,2044,-916
-1134,2043,-909
-1145,2042,-897
-1150,2042,-891
-1154,2042,-887
-1157,2041,-884
-1164,2041,-877
-1170,2040,-869
-1177,2039,-862
-1180,2039,-859
-1186,2038,-852
-1193,2038,-844
-1200,2037,-837
-1206,2036,-829
-1209,2036,-826
-1215,2035,-819
-1222,2034,-811
-1226,2033,-807
-1228,2033,-804
-1235,2032,-796
-1237,2031,-794
-1244,2030,-786
-1250,2029,-778
-1257,2028,-771
-1263,2027,-763
-1266,2027,-760
-1272,2025,-753
-1278,2024,-745
-1282,2023,-741
-1285,2023,-738
-1291,2022,-730
-1294,2021,-727
-1304,2019,-715
-1306,2019,-712
-1312,2017,-704
-1316,2016,-700
-1321,2015,-694
-1327,2014,-686
-1335,2012,-677
-1333,2012,-678
-1343,2010,-666
-1348,2009,-660
-1354,2007,-652
-1360,2005,-644
-1364,2004,-640
-1366,2004,-637
-1373,2002,-629
-1375,2001,-626
-1385,1999,-613
-1387,1998,-610
-1393,1996,-603
-1401,1993,-592
-1405,1992,-587
-1407,1992,-584
-1419,1988,-568
-1422,1987,-564
-1427,1985,-558
-1433,1983,-550
-1439,1981,-542
-1442,1980,-537
-1444,1979,-534
-1452,1976,-523
-1458,1974,-515
-1467,1970,-502
-1470,1969,-499
-1477,1966,-488
-1483,1964,-480
-1489,1962,-473
-1494,1959,-465
-1505,1955,-449
-1502,1956,-454
-1513,1951,-438
-1518,1949,-430
-1526,1945,-419
-1531,1943,-411
-1537,1940,-403
-1542,1937,-395
-1550,1934,-384
-1555,1931,-376
-1560,1928,-368
-1569,1924,-355
-1573,1922,-348
-1583,1916,-332
-1588,1913,-324
-1595,1909,-313
-1606,1903,-297
-1611,1900,-289
-1618,1896,-278
-1622,1893,-270
-1632,1886,-254
-1639,1882,-242
-1649,1876,-226
-1660,1868,-207
-1665,1864,-199
-1679,1854,-174
-1681,1853,-171
-1690,1846,-155
-1701,1837,-136
-1706,1834,-127
-1721,1821,-100
-1730,1814,-84
-1740,1805,-64
-1748,1797,-48
-1758,1787,-28
-1777,1770,6
-1794,1751,42
-1811,1733,78
-1988,1417,571
-1992,1405,586
-1997,1391,605
-2004,1365,639
-2006,1359,647
-2011,1338,673
-2013,1332,681
-2014,1325,688
-2018,1311,706
-2019,1304,714
-2022,1292,729
-2023,1283,740
-2025,1277,748
-2026,1270,755
-2029,1255,773
-2028,1257,770
-2030,1248,781
-2031,1242,788
-2032,1235,796
-2033,1226,806
-2034,1220,814
-2035,1213,821
-2036,1207,829
-2037,1198,839
-2037,1200,836
-2038,1191,846
-2039,1184,854
-2039,1178,861
-2040,1168,871
-2040,1174,866
-2041,1162,879
-2042,1155,886
-2041,1160,880
-2042,1148,893
-2043,1139,904
-2043,1142,901
-2044,1132,911
-2044,1128,915
-2044,1119,925
-2045,1109,935
-2044,1126,917
-2045,1102,943
-2046,1095,950
-2046,1101,944
-2046,1088,957
-2046,1079,967
-2046,1082,964
-2047,1072,974
-2047,1065,981
-2047,1070,976
-2047,1058,989
-2047,1048,999
-2047,1056,990
-2047,1041,1006
-2047,1034,1013
-2047,1040,1007
-2047,1027,1020
-2047,1017,1030
-2047,1020,1027
-2047,1013,1034
-2047,1010,1037
-2047,1003,1044
-2047,1009,1038
-2047,996,1051
-2047,986,1060
-2047,989,1058
-2047,979,1067
-2047,987,1059
-2047,972,1074
-2046,965,1081
-2046,955,1091
-2046,958,1088
-2046,948,1098
-2045,940,1104
-2045,936,1109
-2044,923,1121
-2045,942,1103
-2044,916,1128
-2044,921,1122
-2043,908,1134
-2043,901,1141
-2042,891,1151
-2041,884,1157
-2042,886,1155
-2041,876,1164
-2040,869,1171
-2039,859,1180
-2039,862,1177
-2038,851,1187
-2038,844,1193
-2037,839,1197
-2036,826,1209
-2035,819,1216
-2035,824,1210
-2034,811,1222
-2033,804,1229
-2031,793,1238
-2030,786,1244
-2029,778,1251
-2029,774,1255
-2027,760,1266
-2025,753,1272
-2024,745,1279
-2025,748,1276
-2021,727,1294
-2020,719,1300
-2019,715,1304
-2019,712,1306
-2015,693,1321
-2014,686,1328
-2012,678,1334
-2009,660,1348
-2007,652,1355
-2008,658,1350
-2005,644,1361
-2001,626,1375
-1998,610,1387
-1996,602,1393
-1993,592,1401
-1992,584,1407
-1990,576,1413
-1985,557,1427
-1981,541,1439
-1979,534,1445
-1976,523,1453
-1972,507,1464
-1966,488,1478
-1962,472,1489
-1959,464,1494
-1956,453,1502
-1951,437,1513
-1945,418,1526
-1940,402,1537
-1934,383,1550
-1931,375,1555
-1925,359,1566
-1922,348,1573
-1916,332,1583
-1909,313,1596
-1903,297,1606
-1896,277,1618
-1893,269,1623
-1889,261,1628
-1882,242,1639
-1875,226,1649
-1868,206,1661
-1864,198,1665
-1857,182,1675
-1853,171,1681
-1846,155,1690
-1837,135,1701
-1833,127,1706
-1821,100,1721
-1819,95,1724
-1817,91,1725
-1804,64,1740
-1801,56,1744
-1793,39,1753
-1787,28,1759
-1779,12,1767
-1770,-7,1777
-1765,-15,1781
-1761,-23,1785
-1751,-42,1794
-1743,-59,1802
-1732,-78,1811
-1226,-806,2033
-1713,-114,1828
-1283,-740,2023
-1693,-150,1843
-1310,-707,2018
-1673,-185,1859
-1364,-639,2004
-1652,-221,1873
-1391,-605,1997
-1631,-256,1888
-1609,-292,1901
-1587,-327,1914
-1564,-362,1926
-923,-1121,2044
-911,-1132,2044
-915,-1128,2044
-901,-1141,2043
-891,-1151,2042
-883,-1158,2041
-874,-1166,2041
-876,-1164,2041
-869,-1171,2040
-858,-1180,2039
-851,-1187,2038
-844,-1193,2038
-836,-1200,2037
-829,-1207,2036
-826,-1209,2035
-818,-1216,2035
-806,-1226,2033
-811,-1222,2034
-799,-1233,2032
-793,-1238,2031
-788,-1242,2031
-785,-1244,2030
-778,-1251,2029
-770,-1257,2028
-763,-1264,2027
-760,-1266,2027
-752,-1273,2025
-740,-1283,2023
-745,-1279,2024
-737,-1285,2023
-727,-1294,2021
-722,-1298,2020
-719,-1300,2020
-711,-1307,2018
-704,-1313,2017
-696,-1319,2016
-688,-1325,2014
-693,-1322,2015
-681,-1332,2013
-678,-1334,2012
-670,-1340,2011
-662,-1346,2009
-659,-1349,2008
-652,-1355,2007
-644,-1361,2005
-636,-1367,2004
-628,-1373,2002
-621,-1379,2000
-625,-1375,2001
-618,-1381,1999
-610,-1387,1998
-602,-1393,1996
-594,-1399,1994
-591,-1402,1993
-583,-1408,1991
-576,-1413,1990
-568,-1419,1988
-560,-1425,1986
-552,-1431,1984
-557,-1427,1985
-549,-1433,1983
-533,-1445,1979
-529,-1448,1977
-522,-1453,1976
-515,-1459,1974
-507,-1464,1971
-499,-1470,1969
-491,-1476,1967
-488,-1478,1966
-475,-1487,1962
-480,-1483,1964
-464,-1495,1959
-456,-1500,1957
-453,-1502,1956
-445,-1508,1953
-437,-1513,1951
-424,-1522,1947
-418,-1526,1945
-413,-1530,1943
-410,-1532,1942
-394,-1543,1937
-383,-1550,1933
-378,-1553,1932
-375,-1555,1931
-359,-1566,1925
-354,-1569,1924
-348,-1573,1921
-340,-1578,1919
-324,-1589,1913
-316,-1594,1910
-313,-1596,1909
-304,-1601,1906
-288,-1611,1900
-277,-1618,1896
-272,-1621,1894
-269,-1623,1892
-253,-1633,1886
-242,-1640,1882
-234,-1644,1879
-217,-1654,1872
-206,-1661,1867
-198,-1666,1864
-190,-1670,1861
-182,-1675,1857
-171,-1681,1852
-162,-1686,1849
-144,-1696,1841
-135,-1702,1837
-127,-1706,1833
-99,-1721,1821
-91,-1726,1817
-83,-1730,1813
-63,-1740,1804
-55,-1745,1800
-28,-1759,1787
-20,-1763,1783
-3,-1771,1775
7,-1777,1769
23,-1785,1761
43,-1794,1751
78,-1811,1732
95,-1819,1724
114,-1828,1713
186,-1859,1673
221,-1873,1652
640,-2004,1364
673,-2011,1337
696,-2016,1319
707,-2018,1310
741,-2023,1282
756,-2026,1270
763,-2027,1263
774,-2029,1254
796,-2032,1235
807,-2033,1226
814,-2034,1219
822,-2035,1213
837,-2037,1200
839,-2037,1197
854,-2039,1184
862,-2039,1177
872,-2040,1168
876,-2041,1164
887,-2042,1154
901,-2043,1141
904,-2043,1138
911,-2044,1132
919,-2044,1125
926,-2044,1118
936,-2045,1108
941,-2045,1104
943,-2045,1102
948,-2046,1097
958,-2046,1088
968,-2047,1078
975,-2047,1071
977,-2047,1070
982,-2047,1064
989,-2047,1057
996,-2047,1050
999,-2047,1048
1006,-2047,1041
1013,-2047,1034
1020,-2047,1027
1022,-2047,1025
1030,-2047,1017
1037,-2047,1010
1044,-2047,1003
1046,-2047,1001
1051,-2047,996
1058,-2047,988
1061,-2047,986
1068,-2047,979
1075,-2047,971
1082,-2046,964
1086,-2046,960
1091,-2046,954
1098,-2046,947
1105,-2045,940
1102,-2045,943
1112,-2045,932
1119,-2044,925
1121,-2044,922
1128,-2044,915
1135,-2043,908
1142,-2043,901
1148,-2042,893
1151,-2042,890
1155,-2042,886
1158,-2041,883
1169,-2040,871
1171,-2040,868
1178,-2039,861
1180,-2039,858
1187,-2038,851
1194,-2037,843
1200,-2037,836
1207,-2036,828
1210,-2035,825
1216,-2035,818
1223,-2034,811
1229,-2033,803
1238,-2031,793
1237,-2031,794
1245,-2030,785
1251,-2029,778
1258,-2028,770
1264,-2027,762
1266,-2026,760
1273,-2025,752
1279,-2024,744
1286,-2023,737
1294,-2021,726
1301,-2020,719
1307,-2018,711
1313,-2017,703
1322,-2015,693
1323,-2015,691
1328,-2014,685
1334,-2012,677
1347,-2009,662
1349,-2008,659
1355,-2007,651
1361,-2005,643
1376,-2001,625
1379,-2000,620
1382,-1999,617
1394,-1996,602
1402,-1993,591
1408,-1991,583
1414,-1989,575
1420,-1988,567
1428,-1985,557
1434,-1983,549
1445,-1979,533
1453,-1976,522
1459,-1974,514
1465,-1971,506
1478,-1966,487
1484,-1964,479
1489,-1961,472
1503,-1956,453
1508,-1953,445
1514,-1951,437
1527,-1945,418
1532,-1942,410
1550,-1933,383
1548,-1934,386
1556,-1931,375
1573,-1921,347
1577,-1920,343
1579,-1918,339
1596,-1909,312
1601,-1906,304
1611,-1900,288
1618,-1895,277
1623,-1892,269
1640,-1882,241
1645,-1878,233
1649,-1875,225
1661,-1867,206
1666,-1864,198
1682,-1852,170
1686,-1849,162
1691,-1845,154
1702,-1837,135
1706,-1833,126
1715,-1826,110
1721,-1821,99
1730,-1813,83
1740,-1804,63
1745,-1800,55
1753,-1792,39
1759,-1787,27
1763,-1783,19
1777,-1769,-7
1781,-1765,-16
1785,-1761,-24
1795,-1751,-43
1802,-1742,-59
1811,-1732,-79
1815,-1728,-87
1828,-1713,-115
1831,-1708,-123
1839,-1699,-139
1844,-1693,-150
1859,-1673,-186
2040,-1168,-872
2033,-1226,-807
1874,-1652,-221
2047,-1017,-1030
1888,-1630,-257
1901,-1608,-292
2011,-1337,-674
1914,-1586,-328
1938,-1540,-398
1950,-1516,-433
2045,-932,-1112
2044,-922,-1122
2044,-915,-1128
2043,-900,-1142
2042,-886,-1156
2042,-890,-1151
2041,-875,-1165
2040,-868,-1172
2039,-858,-1181
2038,-850,-1187
2037,-843,-1194
2037,-835,-1201
2035,-823,-1211
2035,-825,-1210
2035,-818,-1216
2032,-798,-1233
2033,-803,-1229
2031,-792,-1238
2030,-780,-1249
2030,-785,-1245
2028,-770,-1258
2027,-762,-1264
2026,-759,-1267
2025,-752,-1273
2024,-744,-1279
2022,-732,-1290
2023,-736,-1286
2021,-726,-1295
2019,-714,-1305
2020,-718,-1301
2018,-711,-1307
2017,-703,-1313
2013,-683,-1330
2015,-692,-1322
2014,-685,-1328
2010,-665,-1344
2010,-669,-1341
2009,-662,-1347
2008,-659,-1349
2007,-651,-1355
2005,-643,-1361
2003,-635,-1367
2002,-628,-1374
2001,-625,-1376
1998,-612,-1386
1999,-617,-1382
1996,-601,-1394
1993,-589,-1403
1994,-594,-1400
1993,-591,-1402
1989,-575,-1414
1987,-567,-1420
1984,-554,-1429
1985,-559,-1426
1985,-556,-1428
1983,-548,-1434
1979,-533,-1445
1975,-520,-1455
1976,-525,-1451
1976,-522,-1453
1971,-506,-1465
1968,-493,-1474
1969,-498,-1470
1966,-487,-1478
1964,-479,-1484
1961,-471,-1490
1959,-463,-1495
1957,-455,-1501
1956,-452,-1503
1951,-436,-1514
1948,-428,-1519
1944,-416,-1528
1945,-417,-1527
1942,-409,-1532
1940,-401,-1538
1930,-373,-1557
1934,-385,-1548
1933,-382,-1550
1928,-366,-1561
1925,-358,-1566
1922,-350,-1572
1921,-347,-1574
1915,-331,-1584
1913,-323,-1589
1909,-312,-1596
1906,-304,-1601
1903,-296,-1606
1895,-275,-1619
1895,-276,-1618
1892,-268,-1623
1889,-260,-1628
1881,-241,-1640
1878,-233,-1645
1875,-225,-1650
1867,-205,-1661
1864,-197,-1666
1860,-189,-1671
1852,-170,-1682
1849,-162,-1686
1845,-154,-1691
1837,-134,-1702
1829,-118,-1711
1821,-99,-1722
1809,-74,-1735
1804,-63,-1741
1792,-38,-1753
1787,-27,-1759
1779,-11,-1767
1769,8,-1777
1751,43,-1795
1732,79,-1812
1713,115,-1828
1672,186,-1859
1630,257,-1888
1563,363,-1927
1540,398,-1939
1516,433,-1950
1510,441,-1952
1492,468,-1960
1467,503,-1970
1461,511,-1973
1456,519,-1975
1442,538,-1980
1430,553,-1984
1416,572,-1989
1410,580,-1991
1398,595,-1994
1390,606,-1997
1384,614,-1999
1372,629,-2002
1364,640,-2004
1360,645,-2005
1358,648,-2006
1345,663,-2009
1337,674,-2011
1333,679,-2012
1331,682,-2013
1318,697,-2016
1310,708,-2018
1312,705,-2017
1303,715,-2019
1297,723,-2021
1291,731,-2022
1284,738,-2023
1282,741,-2024
1276,749,-2025
1269,756,-2026
1263,764,-2027
1256,771,-2028
1254,774,-2029
1247,782,-2030
1241,789,-2031
1243,787,-2030
1234,797,-2032
1225,807,-2033
1221,812,-2034
1226,806,-2033
1219,815,-2034
1206,830,-2036
1208,827,-2036
1199,837,-2037
1197,840,-2037
1190,848,-2038
1186,852,-2038
1177,862,-2039
1170,870,-2040
1167,873,-2040
1166,874,-2041
1161,880,-2041
1154,887,-2042
1159,882,-2041
1147,895,-2042
1140,902,-2043
1138,905,-2043
1131,912,-2044
1124,919,-2044
1127,917,-2044
1117,927,-2045
1111,934,-2045
1108,937,-2045
1104,941,-2045
1101,944,-2045
1094,951,-2046
1087,958,-2046
1080,966,-2046
1078,968,-2047
1071,976,-2047
1064,983,-2047
1067,980,-2047
1057,990,-2047
1050,997,-2047
1047,1000,-2047
1040,1007,-2047
1033,1014,-2047
0,0,0
1026,1021,-2047
1019,1028,-2047
1016,1031,-2047
1009,1038,-2047
1002,1045,-2047
995,1052,-2047
998,1049,-2047
985,1061,-2047
981,1066,-2047
978,1068,-2047
974,1073,-2047
964,1082,-2046
956,1089,-2046
954,1092,-2046
946,1099,-2046
939,1106,-2045
932,1112,-2045
925,1119,-2044
922,1122,-2044
915,1129,-2044
910,1133,-2043
900,1142,-2043
890,1152,-2042
895,1146,-2042
882,1158,-2041
868,1172,-2040
860,1178,-2039
857,1181,-2039
850,1188,-2038
845,1192,-2038
835,1201,-2037
825,1210,-2035
817,1217,-2034
810,1223,-2034
802,1230,-2033
792,1239,-2031
784,1245,-2030
769,1258,-2028
759,1267,-2026
765,1262,-2027
751,1273,-2025
736,1286,-2023
726,1295,-2021
710,1307,-2018
703,1314,-2017
692,1322,-2015
684,1329,-2013
669,1341,-2010
658,1349,-2008
651,1356,-2007
635,1368,-2003
624,1376,-2001
609,1388,-1997
590,1402,-1993
582,1408,-1991
556,1428,-1985
548,1434,-1983
532,1446,-1978
521,1454,-1976
506,1465,-1971
487,1479,-1966
479,1484,-1964
452,1503,-1956
444,1509,-1953
428,1520,-1948
417,1527,-1945
393,1543,-1937
382,1551,-1933
374,1556,-1930
347,1574,-1921
339,1579,-1918
311,1596,-1908
303,1602,-1905
295,1607,-1902
276,1619,-1895
268,1624,-1892
241,1640,-1881
233,1645,-1878
205,1661,-1867
208,1659,-1868
197,1666,-1864
170,1682,-1852
161,1687,-1849
137,1700,-1838
134,1702,-1836
109,1716,-1826
98,1722,-1820
90,1726,-1817
62,1741,-1804
54,1745,-1800
33,1756,-1790
27,1759,-1787
10,1768,-1779
-8,1777,-1769
-808,2033,-1225
-44,1795,-1751
-708,2018,-1309
-80,1812,-1732
-641,2005,-1363
-115,1828,-1712
-607,1997,-1390
-151,1844,-1693
-538,1980,-1442
-187,1859,-1672
-222,1874,-1651
-258,1888,-1630
-328,1915,-1586
-1038,2047,-1009
-1052,2047,-995
-1062,2047,-985
-1069,2047,-978
-1076,2047,-970
-1083,2046,-963
-1089,2046,-956
-1092,2046,-953
-1099,2046,-946
-1113,2045,-932
-1120,2044,-924
-1122,2044,-921
-1129,2044,-914
-1137,2043,-905
-1143,2043,-900
-1147,2042,-895
-1152,2042,-889
-1159,2041,-882
-1165,2041,-875
-1172,2040,-867
-1179,2039,-860
-1185,2038,-853
-1181,2039,-857
-1196,2037,-841
-1195,2037,-842
-1201,2037,-835
-1210,2035,-825
-1214,2035,-820
-1217,2034,-817
-1227,2033,-805
-1230,2033,-802
-1236,2032,-795
-1239,2031,-792
-1245,2030,-784
-1252,2029,-777
-1258,2028,-769
-1262,2027,-764
-1267,2026,-759
-1274,2025,-751
-1280,2024,-743
-1286,2023,-736
-1293,2021,-728
-1290,2022,-731
-1295,2021,-725
-1301,2020,-718
-1308,2018,-710
-1314,2017,-702
-1320,2015,-695
-1323,2015,-692
-1329,2013,-684
-1335,2012,-676
-1341,2010,-669
-1345,2009,-664
-1347,2009,-661
-1350,2008,-658
-1356,2007,-650
-1362,2005,-643
-1368,2003,-635
-1374,2002,-627
-1376,2001,-624
-1382,1999,-616
-1388,1997,-608
-1470,1969,-499
-1400,1994,-593
-1403,1993,-590
-1414,1989,-574
-1420,1987,-566
-1424,1986,-562
-1426,1985,-559
-1428,1985,-556
-1440,1980,-540
-1446,1978,-532
-1452,1976,-524
-1454,1975,-521
-1460,1973,-513
-1465,1971,-505
-1471,1969,-497
-1480,1965,-485
-1479,1966,-486
-1490,1961,-471
-1496,1959,-463
-1501,1956,-455
-1503,1955,-452
-1514,1951,-436
-1520,1948,-428
-1525,1946,-420
-1527,1945,-417
-1538,1939,-401
-1544,1937,-393
-1552,1932,-380
-1551,1933,-382
-1561,1928,-366
-1572,1922,-350
-1574,1921,-346
-1579,1918,-338
-1590,1912,-322
-1597,1908,-311
-1602,1905,-303
-1612,1899,-287
-1619,1895,-276
-1624,1892,-268
-1634,1886,-252
-1640,1881,-240
-1650,1875,-224
-1655,1871,-216
-1662,1867,-205
-1671,1860,-189
-1682,1852,-169
-1691,1845,-153
-1707,1833,-125
-1702,1836,-134
-1722,1820,-98
-1731,1813,-82
-1741,1804,-62
-1764,1782,-18
-1760,1786,-26
-1778,1769,8
-1795,1750,44
-1828,1712,116
-1989,1416,573
-1991,1410,580
-1997,1390,607
-2002,1372,630
-2005,1363,641
-2008,1351,656
-2012,1336,675
-2015,1324,690
-2015,1320,695
-2018,1309,708
-2021,1296,724
-2022,1290,731
-2024,1281,742
-2025,1275,749
-2026,1271,754
-2029,1253,775
-2030,1247,783
-2031,1243,787
-2031,1240,790
-2032,1236,795
-2033,1225,808
-2034,1218,815
-2035,1212,823
-2036,1205,830
-2037,1196,841
-2038,1189,848
-2037,1195,842
-2039,1183,856
-2040,1176,863
-2040,1169,870
-2040,1167,873
-2041,1160,881
-2042,1156,885
-2041,1161,879
-2043,1137,905
-2043,1140,903
-2044,1130,913
-2044,1124,920
-2044,1126,917
-2045,1117,927
-2045,1110,934
-2045,1107,937
-2046,1100,945
-2046,1094,952
-2046,1099,946
-2046,1087,959
-2047,1077,969
-2047,1070,976
-2047,1073,973
-2047,1063,983
-2047,1056,990
-2047,1047,1000
-2047,1049,998
-2047,1052,995
-2047,1040,1007
-2047,1033,1014
-2024,1279,745
-2047,1025,1022
-2047,1016,1031
-2047,1018,1029
-2047,1009,1038
-2047,1001,1045
-2047,1004,1043
-2047,994,1052
-2047,1000,1047
-2047,984,1062
-2047,977,1069
-2047,983,1064
-2047,970,1076
-2046,963,1083
-2046,956,1090
-2046,953,1092
-2046,946,1099
-2046,951,1094
-2045,939,1106
-2045,931,1113
-2044,921,1123
-2044,914,1129
-2044,917,1127
-2043,907,1136
-2043,909,1133
-2043,899,1143
-2042,889,1152
-2041,882,1159
-2041,874,1166
-2040,867,1172
-2039,857,1182
-2039,863,1176
-2038,849,1188
-2037,842,1195
-2038,848,1190
-2035,824,1211
-2036,827,1208
-2034,817,1217
-2033,809,1224
-2033,802,1230
-2031,791,1239
-2030,784,1246
-2029,776,1252
-2029,779,1250
-2026,758,1268
-2027,761,1265
-2025,751,1274
-2023,736,1287
-2023,738,1284
-2021,725,1295
-2020,717,1302
-2017,702,1314
-2015,691,1323
-2013,684,1329
-2012,676,1335
-2010,668,1341
-2008,658,1350
-2007,650,1356
-2003,634,1368
-2001,624,1377
-1997,608,1389
-1996,600,1395
-1993,590,1403
-1991,582,1409
-1987,566,1421
-1984,555,1429
-1982,547,1435
-1975,521,1454
-1973,513,1460
-1969,497,1471
-1966,486,1479
-1963,478,1485
-1959,462,1496
-1955,451,1504
-1944,416,1528
-1946,423,1523
-1942,408,1533
-1933,381,1551
-1930,373,1556
-1921,346,1574
-1918,338,1579
-1915,330,1585
-1908,311,1597
-1902,295,1607
-1895,275,1619
-1892,267,1624
-1886,251,1634
-1881,240,1641
-1875,224,1650
-1867,204,1662
-1863,196,1666
-1853,172,1681
-1852,169,1682
-1848,161,1687
-1836,133,1702
-1833,125,1707
-1820,98,1722
-1816,89,1726
-1813,81,1731
-1803,62,1741
-1797,49,1748
-1796,45,1750
-1786,26,1760
-1778,10,1768
-1768,-9,1778
-1764,-17,1782
-1750,-44,1795
-1746,-53,1799
-1742,-61,1803
-1731,-80,1812
-1225,-808,2033
-1712,-116,1828
-1281,-742,2024
-1692,-152,1844
-1309,-709,2018
-1672,-187,1860
-1363,-641,2005
-1651,-223,1874
-1630,-258,1888
-1415,-573,1989
-1608,-294,1902
-1585,-329,1915
-1539,-399,1939
-921,-1123,2044
-914,-1130,2044
-906,-1136,2043
-892,-1150,2042
-889,-1153,2042
-884,-1157,2041
-881,-1159,2041
-867,-1173,2040
-859,-1179,2039
-856,-1182,2039
-849,-1189,2038
-842,-1195,2037
-834,-1202,2036
-827,-1208,2036
-824,-1211,2035
-812,-1221,2034
-816,-1217,2034
-801,-1231,2032
-794,-1237,2031
-791,-1240,2031
-779,-1250,2029
-784,-1246,2030
-764,-1263,2027
-768,-1259,2028
-749,-1276,2025
-758,-1268,2026
-741,-1282,2024
-750,-1274,2025
-735,-1287,2023
-723,-1297,2020
-725,-1296,2021
-720,-1300,2020
-717,-1302,2019
-871,-1169,2040
-702,-1314,2017
-694,-1321,2015
-691,-1323,2015
-679,-1333,2012
-683,-1329,2013
-668,-1342,2010
-656,-1352,2008
-657,-1350,2008
-653,-1354,2007
-650,-1356,2006
-637,-1366,2004
-634,-1368,2003
-626,-1375,2001
-619,-1381,2000
-623,-1377,2001
-616,-1383,1999
-603,-1393,1996
-600,-1395,1995
-592,-1401,1994
-589,-1403,1993
-581,-1409,1991
-574,-1415,1989
-566,-1421,1987
-558,-1427,1985
-555,-1429,1984
-542,-1438,1981
-547,-1435,1982
-531,-1446,1978
-523,-1452,1976
-520,-1454,1975
-513,-1460,1973
-505,-1466,1971
-497,-1471,1969
-489,-1477,1966
-486,-1479,1966
-478,-1485,1963
-470,-1490,1961
-462,-1496,1959
-454,-1502,1956
-451,-1504,1955
-443,-1509,1953
-435,-1515,1950
-419,-1526,1945
-416,-1528,1944
-408,-1533,1942
-403,-1536,1940
-392,-1544,1937
-384,-1549,1934
-381,-1551,1933
-373,-1557,1930
-357,-1567,1925
-341,-1578,1919
-346,-1574,1921
-338,-1580,1918
-322,-1590,1912
-314,-1595,1909
-310,-1597,1908
-302,-1602,1905
-286,-1612,1899
-278,-1617,1896
-275,-1619,1895
-259,-1629,1889
-243,-1639,1882
-240,-1641,1881
-232,-1646,1878
-215,-1655,1871
-204,-1662,1867
-196,-1667,1863
-188,-1671,1860
-169,-1683,1852
-160,-1687,1848
-152,-1692,1845
-133,-1703,1836
-128,-1705,1834
-125,-1707,1832
-97,-1722,1820
-89,-1727,1816
-73,-1735,1809
-61,-1741,1803
-53,-1746,1799
-26,-1760,1786
-18,-1764,1782
9,-1778,1768
17,-1782,1764
45,-1795,1750
53,-1799,1746
81,-1812,1731
116,-1829,1712
152,-1844,1692
188,-1860,1672
223,-1874,1651
642,-2005,1363
675,-2012,1336
683,-2013,1330
709,-2018,1309
742,-2024,1281
750,-2025,1274
765,-2027,1262
776,-2029,1253
791,-2031,1240
806,-2033,1227
809,-2033,1224
824,-2035,1211
838,-2037,1198
841,-2037,1195
856,-2039,1182
864,-2040,1176
874,-2041,1166
881,-2041,1160
889,-2042,1153
896,-2042,1146
906,-2043,1137
913,-2044,1130
921,-2044,1123
928,-2045,1116
932,-2045,1112
938,-2045,1107
945,-2046,1100
952,-2046,1093
960,-2046,1086
970,-2047,1077
971,-2047,1075
977,-2047,1070
984,-2047,1063
991,-2047,1056
998,-2047,1049
1001,-2047,1046
1008,-2047,1039
1015,-2047,1032
1022,-2047,1025
1019,-2047,1028
1032,-2047,1015
1036,-2047,1011
1039,-2047,1008
1046,-2047,1001
1053,-2047,994
1063,-2047,984
1064,-2047,982
1067,-2047,980
1070,-2047,977
1078,-2047,968
1083,-2046,962
1093,-2046,952
1095,-2046,951
1100,-2046,945
1107,-2045,938
1114,-2045,931
1115,-2045,929
1123,-2044,921
1130,-2044,913
1131,-2044,912
1137,-2043,906
1143,-2043,899
1153,-2042,889
1160,-2041,881
1157,-2041,884
1166,-2041,874
1173,-2040,866
1177,-2039,862
1182,-2039,856
1189,-2038,849
1193,-2038,844
1195,-2037,841
1209,-2036,826
1211,-2035,824
1213,-2035,822
1218,-2034,816
1222,-2034,812
1231,-2032,801
1240,-2031,791
1246,-2030,783
1253,-2029,776
1252,-2029,777
1259,-2028,768
1268,-2026,758
1274,-2025,750
1281,-2024,742
1287,-2023,735
1293,-2021,727
1296,-2021,724
1302,-2019,717
1308,-2018,709
1315,-2017,701
1323,-2015,691
1330,-2013,683
1336,-2012,675
1342,-2010,668
1350,-2008,657
1357,-2006,649
1363,-2005,642
1369,-2003,634
1377,-2001,623
1383,-1999,615
1389,-1997,608
1393,-1996,603
1403,-1993,589
1409,-1991,581
1415,-1989,573
1427,-1985,558
1429,-1984,555
1441,-1980,539
1447,-1978,531
1455,-1975,520
1460,-1973,512
1472,-1969,496
1480,-1965,485
1485,-1963,478
1496,-1958,462
1504,-1955,451
1510,-1953,443
1520,-1948,427
1528,-1944,416
1539,-1939,400
1550,-1934,384
1552,-1933,381
1562,-1927,365
1573,-1922,349
1575,-1921,345
1590,-1912,321
1597,-1908,310
1602,-1905,302
1612,-1899,286
1619,-1895,275
1629,-1888,259
1641,-1881,239
1646,-1878,231
1656,-1871,215
1662,-1866,204
1667,-1863,196
1681,-1853,171
1683,-1851,168
1697,-1841,144
1703,-1836,133
1707,-1832,124
1716,-1825,108
1722,-1820,97
1736,-1808,72
1742,-1803,61
1746,-1799,53
1758,-1787,29
1760,-1786,25
1772,-1774,1
1778,-1768,-9
1782,-1764,-18
1794,-1752,-42
1795,-1750,-45
1807,-1737,-70
1812,-1731,-81
1816,-1727,-89
1827,-1713,-113
1829,-1712,-117
1840,-1698,-141
1845,-1692,-152
1855,-1678,-177
1860,-1671,-188
2033,-1224,-809
1874,-1651,-223
1889,-1629,-259
2018,-1308,-709
1902,-1607,-294
2012,-1336,-676
1915,-1585,-330
1927,-1562,-365
1950,-1515,-435
1966,-1479,-486
2044,-916,-1128
2044,-920,-1123
2043,-898,-1144
2042,-891,-1150
2042,-888,-1153
2041,-881,-1160
2039,-859,-1180
2038,-851,-1186
2039,-856,-1182
2036,-834,-1202
2036,-829,-1206
2036,-826,-1209
2033,-807,-1226
2035,-823,-1211
2032,-801,-1231
2031,-793,-1238
2030,-781,-1248
2031,-790,-1240
2030,-783,-1247
2028,-768,-1259
2027,-760,-1266
2025,-753,-1272
2026,-757,-1268
2025,-750,-1275
2022,-735,-1287
2021,-727,-1294
2019,-715,-1304
2020,-719,-1300
2021,-724,-1296
2017,-701,-1315
2016,-696,-1319
2015,-693,-1321
2011,-673,-1337
2015,-690,-1324
2012,-678,-1334
2010,-667,-1342
2009,-660,-1348
2007,-652,-1354
2008,-657,-1351
2005,-641,-1363
2003,-633,-1369
2001,-626,-1375
2000,-618,-1381
2001,-623,-1377
1999,-615,-1383
1995,-599,-1395
1992,-587,-1405
1993,-592,-1401
0,0,0
1993,-589,-1404
1989,-573,-1415
1985,-557,-1427
1982,-545,-1437
1984,-554,-1429
1982,-546,-1435
1977,-526,-1450
1978,-531,-1447
1976,-523,-1453
1974,-515,-1458
1975,-520,-1455
1971,-504,-1466
1968,-496,-1472
1966,-488,-1478
1965,-485,-1480
1963,-477,-1485
1961,-469,-1491
1954,-449,-1505
1956,-453,-1502
1955,-450,-1504
1950,-434,-1515
1948,-426,-1521
1945,-418,-1526
1943,-410,-1532
1944,-415,-1528
1936,-391,-1544
1934,-383,-1550
1931,-375,-1555
1933,-380,-1552
1923,-351,-1571
1924,-356,-1568
1922,-348,-1573
1920,-345,-1575
1915,-329,-1585
1912,-321,-1590
1908,-310,-1597
1905,-302,-1603
1899,-286,-1613
1896,-278,-1618
1895,-274,-1620
1888,-258,-1630
1885,-250,-1634
1882,-242,-1639
1881,-239,-1641
1871,-215,-1656
1866,-203,-1662
1863,-195,-1667
1856,-179,-1676
1851,-168,-1683
1848,-160,-1688
1841,-143,-1697
1836,-132,-1703
1828,-116,-1712
1820,-96,-1723
1812,-80,-1731
1803,-61,-1742
1795,-44,-1750
1786,-25,-1760
1778,-9,-1768
1768,10,-1778
1750,45,-1796
1731,81,-1813
1711,117,-1829
1692,153,-1845
1629,259,-1889
1585,330,-1915
1562,365,-1927
1528,416,-1944
1515,435,-1950
1490,470,-1961
1479,486,-1966
1466,505,-1971
1454,521,-1975
1440,540,-1980
1435,547,-1982
1425,560,-1986
1415,574,-1989
1403,590,-1993
1397,597,-1995
1389,608,-1997
1377,624,-2001
1371,631,-2003
1362,642,-2005
1356,650,-2007
1350,658,-2008
1344,665,-2010
1335,676,-2012
1329,684,-2013
1323,691,-2015
1319,696,-2016
1308,710,-2018
1307,711,-2018
1302,717,-2020
1295,725,-2021
1289,733,-2022
1283,740,-2023
1280,743,-2024
1274,751,-2025
1270,755,-2026
1264,763,-2027
1261,766,-2027
1252,776,-2029
1246,784,-2030
1239,791,-2031
1235,796,-2032
1233,799,-2032
1229,803,-2033
1224,809,-2033
1217,817,-2034
1211,824,-2035
1213,821,-2035
1204,832,-2036
1195,842,-2037
1196,841,-2037
1188,849,-2038
1182,857,-2039
1175,864,-2040
1180,858,-2039
1166,874,-2041
1162,879,-2041
1159,882,-2041
1152,889,-2042
1155,886,-2042
1146,896,-2042
1136,907,-2043
1368,635,-2003
1129,914,-2044
1123,921,-2044
1125,918,-2044
1116,928,-2045
1109,936,-2045
1106,939,-2045
1102,943,-2045
1099,946,-2046
1095,950,-2046
1088,957,-2046
1076,970,-2047
1081,965,-2046
1072,975,-2047
1069,977,-2047
1062,984,-2047
1055,992,-2047
1048,999,-2047
1045,1001,-2047
1041,1006,-2047
1038,1009,-2047
1034,1013,-2047
1027,1020,-2047
1014,1032,-2047
1020,1027,-2047
1007,1040,-2047
1000,1047,-2047
1006,1041,-2047
993,1054,-2047
986,1060,-2047
983,1063,-2047
976,1070,-2047
969,1077,-2047
972,1074,-2047
962,1084,-2046
952,1094,-2046
945,1100,-2046
937,1107,-2045
930,1114,-2045
923,1121,-2044
920,1124,-2044
913,1130,-2044
905,1137,-2043
908,1135,-2043
898,1144,-2043
888,1153,-2042
881,1160,-2041
886,1155,-2042
866,1173,-2040
856,1183,-2039
848,1189,-2038
841,1196,-2037
833,1203,-2036
826,1209,-2036
823,1212,-2035
808,1225,-2033
811,1222,-2034
790,1240,-2031
783,1247,-2030
775,1253,-2029
767,1260,-2028
757,1269,-2026
749,1275,-2025
742,1281,-2024
724,1296,-2021
716,1303,-2019
708,1309,-2018
701,1315,-2017
690,1324,-2015
688,1325,-2014
667,1342,-2010
656,1351,-2008
641,1363,-2005
633,1369,-2003
622,1378,-2001
599,1396,-1995
588,1404,-1993
580,1410,-1991
554,1430,-1984
546,1435,-1982
530,1447,-1978
519,1455,-1975
496,1472,-1968
485,1480,-1965
477,1486,-1963
450,1504,-1955
442,1510,-1952
426,1521,-1948
415,1528,-1944
399,1539,-1939
380,1552,-1932
364,1563,-1927
345,1575,-1920
337,1580,-1918
309,1598,-1908
301,1603,-1905
285,1613,-1899
274,1620,-1894
258,1630,-1888
239,1641,-1881
231,1646,-1877
203,1663,-1866
195,1667,-1863
179,1677,-1856
167,1683,-1851
151,1692,-1844
132,1703,-1836
124,1708,-1832
96,1723,-1819
88,1727,-1816
72,1736,-1808
60,1742,-1803
52,1746,-1799
25,1760,-1786
17,1765,-1782
0,1773,-1773
-10,1778,-1768
-18,1782,-1764
-46,1796,-1750
-743,2024,-1280
-710,2018,-1308
-82,1813,-1731
-117,1829,-1711
-608,1997,-1388
-153,1845,-1691
-574,1989,-1414
-189,1860,-1671
-224,1875,-1650
-260,1889,-1629
-295,1902,-1607
-1040,2047,-1007
-1047,2047,-1000
-1063,2047,-983
-1068,2047,-979
-1070,2047,-976
-1082,2046,-964
-1084,2046,-961
-1094,2046,-951
-1101,2046,-944
-1108,2045,-937
-1114,2045,-930
-1125,2044,-918
-1124,2044,-920
-1138,2043,-905
-1142,2043,-901
-1144,2043,-898
-1154,2042,-888
-1160,2041,-880
-1167,2040,-873
-1171,2040,-868
-1174,2040,-866
-1180,2039,-858
-1183,2039,-855
-1194,2037,-843
-1196,2037,-840
-1203,2036,-833
-1209,2035,-826
-1212,2035,-823
-1219,2034,-815
-1225,2033,-808
-1232,2032,-800
-1236,2032,-796
-1241,2031,-790
-1245,2030,-785
-1247,2030,-782
-1254,2029,-775
-1260,2028,-767
-1274,2025,-750
-1269,2026,-757
-1275,2025,-749
-1282,2024,-742
-1289,2022,-732
-1288,2022,-734
-1297,2021,-723
-1303,2019,-716
-1309,2018,-708
-1313,2017,-703
-1316,2016,-700
-1322,2015,-693
-1324,2014,-690
-1330,2013,-682
-1337,2012,-674
-1343,2010,-667
-1349,2008,-659
-1351,2008,-656
-1357,2006,-648
-1363,2005,-641
-1370,2003,-633
-1376,2001,-625
-1378,2000,-622
-1384,1999,-614
-1390,1997,-607
-1396,1995,-599
-1402,1993,-591
-1404,1993,-588
-1410,1991,-580
-1416,1989,-572
-1422,1987,-564
-1428,1985,-557
-1430,1984,-554
-1436,1982,-546
-1442,1980,-538
-1447,1978,-530
-1457,1974,-517
-1455,1975,-519
-1461,1973,-511
-1472,1968,-495
-1478,1966,-488
-1480,1965,-484
-1486,1963,-477
-1497,1958,-461
-1500,1957,-456
-1505,1955,-450
-1510,1952,-442
-1516,1950,-434
-1521,1947,-426
-1529,1944,-415
-1534,1941,-407
-1545,1936,-391
-1550,1933,-383
-1552,1932,-380
-1558,1930,-372
-1568,1924,-356
-1573,1921,-348
-1575,1920,-344
-1584,1916,-331
-1598,1908,-309
-1603,1905,-301
-1608,1902,-293
-1618,1895,-277
-1620,1894,-274
-1625,1891,-266
-1635,1885,-250
-1642,1880,-238
-1651,1874,-222
-1666,1864,-198
-1663,1866,-203
-1677,1856,-178
-1683,1851,-167
-1693,1844,-151
-1703,1835,-131
-1712,1828,-115
-1723,1819,-96
-1732,1812,-80
-1742,1803,-60
-1761,1785,-24
-1783,1764,19
-1779,1768,10
-1796,1749,46
-1829,1711,118
-1989,1414,575
-1993,1402,590
-1997,1388,609
-2005,1362,643
-2007,1356,651
-2010,1343,666
-2012,1335,677
-2015,1322,692
-2018,1307,710
-2020,1301,718
-2021,1295,726
-2022,1291,730
-2024,1280,744
-2025,1273,751
-2028,1261,766
-2029,1252,777
-2030,1245,784
-2031,1239,792
-2030,1246,783
-2034,1223,810
-2033,1226,807
-2034,1217,817
-2035,1210,825
-2036,1204,832
-2037,1194,843
-2037,1197,840
-2038,1188,850
-2039,1184,855
-2040,1174,865
-2041,1165,875
-2041,1158,882
-2041,1166,874
-2042,1152,890
-2042,1145,897
-2042,1150,891
-2043,1136,907
-2044,1129,915
-2044,1122,922
-2044,1125,919
-2045,1115,929
-2045,1106,939
-2046,1099,946
-2045,1101,944
-2046,1092,954
-2046,1085,961
-2046,1100,945
-2047,1075,971
-2047,1078,968
-2047,1068,978
-2047,1067,979
-2047,1064,982
-2047,1055,992
-2047,1045,1002
-2047,1038,1009
-2047,1041,1006
-2047,1031,1016
-2047,1033,1013
-2048,1024,1023
-2047,1014,1033
-2047,1007,1040
-2047,1010,1037
-2047,1000,1047
-2047,1002,1044
-2047,993,1054
-2047,983,1064
-2047,985,1061
-2047,976,1071
-2047,978,1068
-2047,968,1078
-2047,971,1075
-2046,961,1085
-2046,951,1094
-2045,944,1101
-2046,950,1096
-2045,937,1108
-2045,929,1115
-2044,922,1122
-2044,919,1124
-2044,912,1131
-2043,905,1138
-2043,908,1135
-2043,897,1145
-2042,887,1154
-2041,880,1161
-2042,886,1155
-2040,873,1167
-2040,865,1174
-2039,855,1183
-2038,848,1190
-2038,850,1187
-2037,840,1197
-2036,833,1203
-2035,822,1212
-2034,815,1219
-2035,821,1214
-2033,807,1225
-2032,800,1232
-2031,789,1241
-2030,785,1245
-2029,774,1254
-2028,767,1260
-2026,756,1269
-2025,749,1276
-2024,741,1282
-2022,734,1288
-2021,723,1297
-2019,715,1303
-2018,708,1310
-2016,700,1316
-2014,689,1324
-2013,682,1331
-2012,677,1334
-2008,656,1351
-2006,648,1358
-2004,640,1364
-2000,622,1378
-1999,614,1384
-1997,606,1390
-1995,598,1396
-1992,588,1404
-1989,572,1416
-1984,553,1430
-1982,545,1436
-1981,541,1440
-1975,519,1456
-1973,511,1461
-1968,495,1473
-1965,484,1480
-1960,468,1492
-1955,449,1505
-1952,441,1510
-1947,425,1521
-1944,414,1529
-1936,390,1545
-1932,379,1552
-1930,371,1558
-1920,344,1576
-1917,336,1581
-1912,320,1591
-1907,309,1598
-1898,285,1613
-1894,273,1620
-1891,265,1625
-1880,238,1642
-1877,230,1647
-1870,214,1656
-1866,202,1663
-1862,194,1668
-1851,167,1684
-1847,159,1688
-1840,142,1697
-1835,131,1704
-1824,107,1717
-1819,95,1723
-1815,87,1728
-1808,71,1736
-1802,60,1742
-1799,52,1746
-1785,24,1761
-1781,16,1765
-1773,0,1773
-1767,-11,1779
-1763,-19,1783
-1749,-46,1796
-1745,-55,1800
-1736,-71,1808
-1730,-82,1813
-1223,-810,2034
-1711,-118,1829
-1279,-744,2024
-1691,-154,1845
-1307,-711,2018
-1671,-189,1860
-1666,-197,1864
-1650,-225,1875
-1628,-260,1889
-1414,-575,1989
-1606,-296,1903
-1584,-331,1915
-1538,-401,1940
-919,-1124,2044
-912,-1131,2044
-904,-1138,2043
-890,-1152,2042
-887,-1154,2042
-875,-1165,2041
-880,-1161,2041
-865,-1174,2040
-858,-1181,2039
-855,-1184,2039
-847,-1190,2038
-840,-1197,2037
-832,-1203,2036
-825,-1210,2035
-822,-1213,2035
-810,-1223,2034
-815,-1219,2034
-800,-1232,2032
-792,-1239,2031
-780,-1249,2030
-789,-1241,2031
-782,-1248,2030
-767,-1260,2028
0,0,0
-759,-1267,2026
-756,-1269,2026
-748,-1276,2025
-736,-1286,2023
-733,-1288,2022
-726,-1295,2021
-723,-1297,2020
-718,-1301,2020
-715,-1304,2019
-700,-1316,2016
-690,-1324,2015
-692,-1322,2015
-689,-1325,2014
-834,-1202,2036
-681,-1331,2013
-666,-1343,2010
-654,-1353,2007
-658,-1349,2008
-655,-1352,2008
-648,-1358,2006
-640,-1364,2004
-632,-1370,2003
-620,-1380,2000
-621,-1378,2000
-614,-1384,1999
-606,-1390,1997
-598,-1396,1995
-586,-1406,1992
-590,-1402,1993
-587,-1405,1992
-579,-1411,1991
-567,-1420,1987
-564,-1422,1987
-553,-1430,1984
-548,-1434,1983
-545,-1436,1982
-537,-1442,1980
-529,-1448,1978
-517,-1457,1974
-518,-1456,1975
-511,-1461,1973
-503,-1467,1970
-495,-1473,1968
-484,-1481,1965
-479,-1484,1964
-476,-1486,1963
-468,-1492,1960
-460,-1497,1958
-452,-1503,1956
-449,-1505,1955
-441,-1511,1952
-433,-1516,1950
-425,-1522,1947
-414,-1529,1944
-406,-1535,1941
-393,-1543,1937
-390,-1545,1936
-379,-1553,1932
-374,-1556,1930
-371,-1558,1929
-355,-1569,1924
-344,-1576,1920
-339,-1579,1918
-336,-1581,1917
-320,-1591,1911
-312,-1596,1908
-308,-1598,1907
-292,-1608,1901
-284,-1613,1898
-273,-1620,1894
-263,-1626,1890
-265,-1625,1891
-249,-1635,1885
-238,-1642,1880
-230,-1647,1877
-213,-1657,1870
-205,-1661,1867
-202,-1663,1866
-186,-1673,1859
-170,-1682,1852
-166,-1684,1851
-158,-1688,1847
-142,-1698,1840
-131,-1704,1835
-115,-1713,1828
-95,-1723,1819
-87,-1728,1815
-79,-1732,1811
-59,-1742,1802
-51,-1747,1798
-24,-1761,1785
-16,-1765,1781
-7,-1769,1777
11,-1779,1767
36,-1791,1755
47,-1796,1749
83,-1813,1730
118,-1830,1711
126,-1833,1706
154,-1845,1691
225,-1875,1650
643,-2005,1361
677,-2012,1334
711,-2018,1307
719,-2020,1301
744,-2024,1279
752,-2025,1273
767,-2028,1260
778,-2029,1251
793,-2031,1238
810,-2034,1223
818,-2035,1216
825,-2035,1210
843,-2037,1194
851,-2038,1187
858,-2039,1181
865,-2040,1174
876,-2041,1165
883,-2041,1158
890,-2042,1151
898,-2043,1144
908,-2043,1135
915,-2044,1128
922,-2044,1121
930,-2045,1115
940,-2045,1105
944,-2046,1101
947,-2046,1098
954,-2046,1091
961,-2046,1084
969,-2047,1077
971,-2047,1075
978,-2047,1068
986,-2047,1061
993,-2047,1054
1003,-2047,1044
1000,-2047,1047
1010,-2047,1037
1017,-2047,1030
1021,-2047,1026
1024,-2047,1023
1034,-2047,1013
1041,-2047,1006
1045,-2047,1002
1048,-2047,999
1055,-2047,992
806,-2033,1226
1064,-2047,982
1071,-2047,975
1078,-2047,968
1080,-2046,966
1085,-2046,961
1095,-2046,951
1102,-2045,943
1103,-2045,942
1108,-2045,936
1115,-2045,929
1119,-2044,924
1125,-2044,919
1132,-2044,911
1138,-2043,904
1145,-2042,897
1149,-2042,892
1154,-2042,887
1161,-2041,879
1159,-2041,882
1168,-2040,872
1175,-2040,865
1184,-2039,854
1188,-2038,850
1190,-2038,847
1197,-2037,839
1204,-2036,832
1208,-2036,828
1213,-2035,822
1219,-2034,814
1226,-2033,807
1230,-2033,802
1232,-2032,799
1241,-2031,789
1248,-2030,781
1254,-2029,774
1258,-2028,769
1261,-2028,766
1270,-2026,756
1276,-2025,748
1282,-2023,741
1289,-2022,733
1298,-2020,722
1299,-2020,721
1304,-2019,715
1309,-2018,708
1325,-2014,689
1323,-2015,692
1331,-2013,681
1337,-2011,673
1343,-2010,666
1352,-2008,655
1358,-2006,647
1362,-2005,643
1370,-2003,632
1379,-2000,621
1385,-1998,613
1394,-1996,601
1405,-1992,587
1411,-1990,579
1417,-1988,571
1423,-1987,564
1431,-1984,553
1436,-1982,545
1440,-1980,540
1456,-1975,518
1462,-1972,510
1473,-1968,494
1481,-1965,483
1487,-1963,476
1492,-1960,468
1505,-1955,449
1511,-1952,441
1514,-1951,436
1529,-1944,414
1535,-1941,406
1546,-1936,390
1553,-1932,379
1563,-1927,363
1569,-1924,355
1576,-1920,343
1586,-1914,327
1591,-1911,319
1599,-1907,308
1614,-1898,284
1621,-1894,273
1626,-1891,265
1642,-1880,237
1647,-1877,229
1650,-1875,224
1663,-1866,202
1668,-1862,194
1677,-1855,177
1684,-1851,166
1693,-1844,150
1704,-1835,130
1708,-1831,122
1717,-1824,106
1724,-1819,95
1732,-1811,79
1743,-1802,59
1747,-1798,51
1755,-1790,35
1761,-1785,23
1769,-1777,7
1779,-1767,-11
1783,-1763,-20
1791,-1755,-36
1796,-1749,-47
1804,-1740,-63
1812,-1732,-80
1813,-1730,-83
1825,-1717,-107
1830,-1711,-119
1837,-1702,-135
1845,-1691,-154
1852,-1681,-171
1861,-1670,-190
2038,-1194,-844
1875,-1649,-225
2029,-1251,-778
1889,-1628,-261
2018,-1307,-711
1903,-1606,-296
1916,-1584,-332
1928,-1561,-367
1940,-1537,-402
1961,-1489,-472
2044,-918,-1125
2043,-904,-1139
2042,-892,-1150
2042,-897,-1145
2042,-886,-1155
2040,-872,-1168
2038,-852,-1186
2040,-864,-1175
2039,-854,-1184
2037,-842,-1195
2036,-827,-1208
2036,-832,-1204
2035,-821,-1213
2033,-806,-1226
2032,-794,-1237
2032,-799,-1233
2031,-791,-1239
2031,-789,-1242
2029,-773,-1255
2027,-761,-1265
2027,-766,-1261
2026,-758,-1267
2026,-755,-1270
2023,-740,-1283
2021,-728,-1293
2022,-733,-1289
2019,-713,-1305
2020,-722,-1298
2018,-710,-1308
2015,-694,-1320
2014,-687,-1327
2016,-699,-1317
2014,-689,-1325
2013,-681,-1331
2009,-664,-1345
2009,-661,-1348
2010,-665,-1344
2008,-655,-1352
2006,-647,-1358
2000,-622,-1378
2002,-627,-1374
2003,-632,-1371
2001,-624,-1377
2000,-621,-1379
1997,-605,-1391
1994,-593,-1400
1993,-590,-1403
1995,-597,-1397
1992,-587,-1405
1988,-571,-1417
1985,-558,-1426
1986,-563,-1423
1984,-555,-1429
1984,-552,-1431
1982,-544,-1437
1976,-524,-1452
1977,-529,-1448
1975,-521,-1454
1975,-518,-1456
1971,-505,-1465
1970,-502,-1468
1964,-481,-1482
1968,-494,-1473
1965,-483,-1481
1960,-467,-1492
1956,-454,-1501
1958,-459,-1498
1955,-451,-1503
1954,-448,-1506
1949,-432,-1517
1945,-420,-1525
1947,-424,-1522
1943,-413,-1530
1938,-397,-1540
1934,-385,-1549
1936,-389,-1546
1932,-378,-1553
1929,-370,-1558
1922,-349,-1572
1924,-354,-1569
1920,-343,-1576
1917,-335,-1581
1914,-327,-1587
1911,-319,-1592
1907,-308,-1599
1902,-295,-1607
1901,-292,-1609
1898,-284,-1614
1894,-272,-1621
1888,-256,-1631
1884,-248,-1636
1880,-237,-1642
1873,-221,-1652
1870,-213,-1657
1865,-201,-1664
1859,-185,-1673
1855,-177,-1678
1850,-166,-1684
1843,-150,-1693
1840,-141,-1698
1835,-130,-1704
1828,-114,-1713
1819,-94,-1724
1811,-78,-1732
1802,-59,-1743
1794,-42,-1751
1785,-23,-1761
1767,12,-1779
1759,28,-1787
1749,48,-1797
1730,83,-1814
1710,119,-1830
1670,190,-1861
1606,297,-1903
1583,332,-1916
1537,402,-1940
1513,437,-1951
1489,472,-1962
1483,480,-1964
1464,507,-1972
1458,515,-1974
1439,541,-1981
1433,549,-1983
1427,557,-1985
1413,576,-1990
1401,591,-1993
1395,599,-1995
1387,610,-1998
1381,618,-2000
1369,633,-2003
1361,644,-2005
1355,652,-2007
1348,660,-2009
1342,667,-2010
1334,678,-2012
1328,686,-2014
1321,693,-2015
1315,701,-2017
1306,712,-2018
1303,716,-2019
1300,719,-2020
1296,724,-2021
1288,734,-2022
1279,745,-2024
1492,468,-1960
1272,753,-2025
1266,760,-2027
1260,768,-2028
1251,778,-2029
1256,772,-2028
1244,786,-2030
1238,793,-2031
1236,795,-2032
1231,801,-2032
1222,811,-2034
1446,531,-1978
1216,819,-2035
1209,826,-2036
1202,833,-2036
1193,844,-2038
1198,838,-2037
1187,851,-2038
1180,859,-2039
1183,856,-2039
1173,866,-2040
1176,863,-2040
1164,876,-2041
1157,884,-2041
1160,881,-2041
1151,891,-2042
1144,898,-2043
1146,895,-2042
1134,908,-2043
1140,903,-2043
1128,916,-2044
1123,920,-2044
1129,915,-2044
1114,930,-2045
1104,940,-2045
1107,938,-2045
1098,948,-2046
1091,955,-2046
1093,952,-2046
1084,962,-2046
1074,972,-2047
1077,969,-2047
1082,964,-2046
1067,979,-2047
1063,983,-2047
1053,993,-2047
1044,1003,-2047
1046,1000,-2047
1037,1010,-2047
1030,1017,-2047
1032,1015,-2047
1023,1024,-2047
1013,1034,-2047
1015,1032,-2047
1006,1041,-2047
999,1048,-2047
1004,1043,-2047
991,1055,-2047
981,1065,-2047
987,1060,-2047
974,1072,-2047
970,1076,-2047
960,1086,-2046
950,1095,-2046
953,1093,-2046
943,1102,-2045
936,1109,-2045
928,1116,-2045
931,1113,-2045
918,1125,-2044
911,1132,-2044
904,1139,-2043
909,1134,-2043
886,1155,-2042
889,1152,-2042
879,1162,-2041
874,1166,-2041
864,1175,-2040
854,1184,-2039
846,1191,-2038
839,1198,-2037
845,1192,-2038
821,1213,-2035
814,1220,-2034
806,1226,-2033
809,1224,-2033
788,1242,-2031
781,1248,-2030
773,1255,-2029
766,1261,-2027
755,1270,-2026
748,1277,-2025
743,1280,-2024
722,1298,-2020
714,1304,-2019
706,1311,-2018
699,1317,-2016
688,1325,-2014
673,1338,-2011
654,1353,-2007
647,1359,-2006
639,1365,-2004
620,1379,-2000
613,1385,-1998
605,1391,-1997
586,1405,-1992
571,1417,-1988
552,1431,-1984
544,1437,-1982
517,1456,-1974
510,1462,-1972
502,1468,-1970
483,1481,-1965
475,1487,-1962
448,1506,-1954
432,1517,-1949
424,1522,-1947
413,1530,-1943
397,1541,-1938
378,1553,-1932
362,1564,-1926
343,1576,-1920
327,1587,-1914
307,1599,-1907
299,1604,-1904
272,1621,-1894
264,1626,-1891
256,1631,-1887
237,1643,-1880
229,1647,-1877
201,1664,-1865
193,1668,-1862
185,1673,-1859
165,1684,-1850
157,1689,-1847
130,1704,-1835
122,1709,-1831
105,1718,-1824
94,1724,-1819
78,1733,-1811
58,1743,-1802
50,1747,-1798
23,1761,-1785
14,1766,-1781
6,1770,-1777
-12,1779,-1767
-20,1783,-1763
-48,1797,-1748
-712,2019,-1306
-909,2043,-1134
-84,1814,-1730
-119,1830,-1710
-610,1998,-1387
-155,1846,-1690
-191,1861,-1670
-507,1972,-1464
-226,1876,-1649
-262,1890,-1627
-297,1903,-1606
-376,1931,-1555
-1049,2047,-998
-1056,2047,-991
-1065,2047,-981
-1072,2047,-974
-1079,2046,-967
-1086,2046,-960
-1096,2046,-950
-1102,2045,-942
-1109,2045,-935
-1116,2045,-928
-1123,2044,-921
-1126,2044,-918
-1134,2043,-909
-1139,2043,-903
-1146,2042,-896
-1155,2042,-886
-1159,2041,-881
-1162,2041,-878
-1169,2040,-871
-1175,2040,-864
-1182,2039,-856
-1185,2039,-853
-1191,2038,-846
-1198,2037,-839
-1204,2036,-831
-1209,2036,-827
-1214,2035,-821
-1220,2034,-813
-1224,2033,-809
-1227,2033,-806
-1233,2032,-798
-1242,2031,-788
-1240,2031,-791
-1249,2030,-780
-1255,2028,-773
-1262,2027,-765
-1265,2027,-761
-1270,2026,-755
-1277,2025,-747
-1281,2024,-743
-1283,2023,-740
-1290,2022,-732
-1293,2021,-727
-1298,2020,-721
-1305,2019,-714
-1308,2018,-709
-1311,2018,-706
-1323,2015,-691
-1326,2014,-688
-1332,2013,-680
-1338,2011,-673
-1342,2010,-668
-1344,2010,-665
-1350,2008,-657
-1353,2007,-654
-1359,2006,-646
-1365,2004,-639
-1371,2002,-631
-1379,2000,-620
-1383,1999,-615
-1385,1998,-612
-1391,1996,-605
-1397,1995,-597
-1403,1993,-589
-1406,1992,-586
-1412,1990,-578
-1417,1988,-570
-1423,1986,-563
-1431,1984,-552
-1437,1981,-544
-1441,1980,-539
-1443,1979,-536
-1449,1977,-528
-1457,1974,-517
-1462,1972,-509
-1468,1970,-501
-1474,1968,-493
-1479,1965,-486
-1482,1965,-482
-1487,1962,-475
-1498,1958,-459
-1506,1954,-448
-1512,1952,-440
-1517,1949,-432
-1523,1947,-424
-1528,1944,-416
-1530,1943,-413
-1541,1938,-397
-1546,1935,-389
-1554,1932,-378
-1559,1929,-370
-1564,1926,-362
-1569,1923,-354
-1577,1920,-342
-1587,1914,-326
-1592,1911,-318
-1599,1907,-307
-1604,1904,-299
-1609,1901,-291
-1621,1894,-272
-1626,1890,-264
-1631,1887,-256
-1643,1880,-236
-1648,1876,-228
-1664,1865,-201
-1662,1866,-204
-1669,1862,-193
-1684,1850,-165
-1689,1847,-157
-1705,1835,-129
-1709,1831,-121
-1724,1818,-94
-1728,1815,-86
-1743,1802,-58
-1762,1784,-22
-1766,1780,-14
-1780,1767,12
-1797,1748,48
-1814,1729,84
-1876,1649,226
-1990,1413,577
-1998,1387,611
-2001,1375,626
-2005,1360,645
-2009,1348,660
-2012,1333,679
-2014,1327,686
-2017,1315,702
-2019,1306,712
-2021,1293,727
-2021,1296,725
-2024,1278,746
-2025,1272,753
-2027,1265,761
-2029,1250,779
-2029,1253,776
-2030,1244,786
-2031,1237,794
-2032,1231,801
-2034,1222,812
-2035,1215,819
-2036,1208,827
-2035,1211,824
-2038,1193,844
-2037,1195,842
-2038,1186,852
-2039,1179,859
-2039,1182,856
-2041,1163,877
-1995,1396,599
-2041,1157,884
-2042,1150,892
-2042,1153,889
-2042,1148,893
-2043,1134,909
-2043,1136,906
-2044,1127,916
-2044,1120,924
-2044,1123,921
-2045,1113,931
-2045,1104,941
-2046,1097,948
-2046,1100,945
-2046,1090,955
-2046,1093,953
-2046,1086,960
-2047,1074,973
-2046,1079,967
-2047,1067,980
-2047,1060,987
-2047,1062,984
-2047,1043,1004
-2047,1058,988
-2047,1046,1001
-2047,1036,1011
-2047,1039,1008
-2047,1029,1018
-2047,1022,1025
-2047,1012,1035
-2047,1015,1032
-2047,1005,1042
-2047,1008,1039
-2047,998,1049
-2047,1001,1046
-2047,981,1066
-2047,984,1063
-2047,986,1060
-2047,974,1072
-2046,967,1079
-2046,962,1084
-2046,959,1086
-2046,949,1096
-2045,942,1103
-2046,948,1097
-2045,935,1110
-2045,928,1116
-2044,918,1126
-2044,920,1123
-2043,910,1133
-2043,903,1139
-2043,909,1134
-2042,896,1146
-2042,885,1156
-2042,891,1150
-2041,878,1162
-2040,871,1169
-2040,863,1176
-2039,853,1185
-2038,846,1192
-2038,849,1189
-2037,838,1198
-2036,831,1205
-2035,820,1214
-2034,813,1220
-2034,816,1218
-2033,806,1227
-2032,798,1233
-2031,788,1242
-2030,780,1249
-2028,773,1255
-2027,765,1262
-2026,754,1271
-2024,747,1277
-2023,739,1283
-2022,732,1290
-2020,721,1299
-2019,714,1305
-2017,706,1311
-2016,698,1317
-2014,688,1326
-2013,680,1332
-2011,672,1338
-2007,654,1353
-2006,646,1359
-2004,638,1365
-2002,631,1371
-2000,620,1380
-1999,615,1383
-1992,586,1406
-1990,578,1412
-1991,581,1409
-1983,551,1432
-1981,543,1437
-1979,536,1443
-1974,517,1457
-1972,509,1463
-1970,501,1468
-1964,482,1482
-1960,466,1493
-1954,447,1506
-1953,442,1510
-1943,412,1530
-1941,404,1536
-1938,396,1541
-1932,377,1554
-1926,361,1564
-1923,353,1570
-1919,342,1577
-1907,307,1599
-1904,299,1604
-1901,291,1610
-1893,271,1621
-1890,263,1626
-1884,247,1636
-1879,236,1643
-1873,220,1653
-1865,200,1664
-1858,184,1674
-1850,165,1685
-1846,157,1689
-1843,149,1694
-1834,129,1705
-1829,116,1712
-1818,93,1724
-1814,85,1729
-1811,77,1733
-1802,58,1743
-1798,50,1748
-1790,33,1756
-1784,22,1762
-1776,6,1770
-1766,-13,1780
-1762,-21,1784
-1754,-37,1792
-1748,-49,1797
-1740,-65,1805
-1729,-84,1814
-1221,-812,2034
-1250,-779,2029
-1710,-120,1830
-1690,-156,1846
-1306,-713,2019
-1669,-191,1861
-1665,-199,1865
-1649,-227,1876
-1386,-611,1998
-1627,-262,1890
-1605,-298,1903
-1583,-333,1916
-1560,-368,1929
-1538,-400,1939
-917,-1126,2044
-910,-1133,2043
-886,-1155,2042
-895,-1147,2042
-885,-1156,2042
-878,-1163,2041
-870,-1169,2040
-863,-1176,2040
-851,-1187,2038
-853,-1185,2038
-845,-1192,2038
-838,-1198,2037
-831,-1205,2036
-823,-1212,2035
-820,-1214,2035
-808,-1225,2033
-805,-1227,2033
-798,-1234,2032
-790,-1240,2031
-787,-1243,2031
-780,-1249,2029
-772,-1256,2028
-760,-1266,2027
-765,-1262,2027
-754,-1271,2026
-747,-1277,2024
-742,-1281,2024
-739,-1284,2023
-731,-1290,2022
-724,-1296,2021
-721,-1299,2020
-713,-1305,2019
-706,-1311,2017
-689,-1325,2014
-698,-1318,2016
-687,-1326,2014
-680,-1332,2013
-675,-1336,2012
-672,-1339,2011
-659,-1349,2008
-664,-1345,2009
-653,-1353,2007
-646,-1359,2006
-638,-1365,2004
-633,-1369,2003
-630,-1372,2002
-623,-1378,2001
-619,-1380,2000
-612,-1386,1998
-604,-1392,1996
-587,-1405,1992
-596,-1398,1995
-585,-1406,1992
-578,-1412,1990
-570,-1418,1988
-565,-1421,1987
-562,-1424,1986
-551,-1432,1983
-546,-1435,1982
-543,-1438,1981
-535,-1443,1979
-527,-1449,1977
-516,-1457,1974
-512,-1461,1973
-509,-1463,1972
-496,-1472,1968
-493,-1474,1968
-485,-1480,1965
-482,-1482,1964
-474,-1488,1962
-466,-1493,1960
-458,-1499,1957
-447,-1507,1954
-442,-1510,1953
-439,-1512,1952
-423,-1523,1947
-410,-1532,1942
-412,-1530,1943
-396,-1541,1938
-391,-1545,1936
-388,-1547,1935
-377,-1554,1931
-369,-1559,1929
-361,-1565,1926
-356,-1568,1924
-342,-1577,1919
-334,-1582,1916
-326,-1587,1914
-318,-1593,1911
-306,-1600,1907
-298,-1605,1904
-290,-1610,1901
-282,-1615,1898
-271,-1622,1893
-263,-1627,1890
-255,-1632,1887
-247,-1636,1884
-236,-1643,1879
-219,-1653,1873
-214,-1656,1871
-200,-1664,1865
-192,-1669,1861
-179,-1677,1856
-164,-1685,1850
-156,-1689,1846
-148,-1694,1843
-129,-1705,1834
-121,-1709,1831
-108,-1717,1825
-93,-1724,1818
-77,-1733,1811
-72,-1736,1808
-57,-1743,1801
-41,-1752,1794
-22,-1762,1784
-5,-1770,1776
13,-1780,1766
29,-1788,1758
49,-1797,1748
65,-1805,1739
85,-1814,1729
120,-1830,1710
156,-1846,1690
535,-1979,1444
638,-2004,1366
672,-2011,1339
705,-2017,1312
713,-2019,1305
739,-2023,1284
754,-2026,1271
772,-2028,1256
779,-2029,1250
787,-2031,1243
805,-2033,1228
809,-2033,1224
820,-2035,1214
838,-2037,1199
845,-2038,1192
852,-2038,1185
870,-2040,1170
877,-2041,1163
875,-2041,1165
885,-2041,1156
892,-2042,1149
902,-2043,1140
910,-2043,1133
917,-2044,1126
924,-2044,1120
934,-2045,1110
942,-2045,1103
949,-2046,1096
946,-2046,1099
956,-2046,1090
966,-2046,1080
973,-2047,1073
972,-2047,1074
980,-2047,1066
987,-2047,1059
997,-2047,1049
1002,-2047,1045
1006,-2047,1041
1012,-2047,1035
1019,-2047,1028
1028,-2047,1019
1030,-2047,1017
1035,-2047,1012
1042,-2047,1004
1047,-2047,1000
1049,-2047,997
1059,-2047,987
1066,-2047,980
1073,-2047,973
1070,-2047,976
1077,-2047,969
1080,-2046,966
1090,-2046,956
1096,-2046,949
1103,-2045,942
1101,-2046,944
1110,-2045,934
1120,-2044,924
1126,-2044,917
1125,-2044,918
1133,-2043,910
1137,-2043,905
1140,-2043,902
1149,-2042,892
1156,-2042,885
1163,-2041,877
1167,-2040,873
1170,-2040,870
1179,-2039,860
1185,-2038,852
1184,-2039,854
1192,-2038,845
1199,-2037,838
1208,-2036,827
1205,-2036,830
1214,-2035,820
1218,-2034,815
1222,-2034,811
1237,-2032,794
1234,-2032,797
1243,-2031,787
1249,-2029,779
1256,-2028,772
1265,-2027,761
1266,-2027,760
1271,-2026,754
1282,-2024,742
1284,-2023,739
1293,-2021,728
1299,-2020,720
1305,-2019,713
1312,-2017,705
1320,-2015,695
1327,-2014,687
1333,-2012,679
1330,-2013,682
1347,-2009,661
1354,-2007,653
1360,-2006,645
1366,-2004,638
1374,-2002,627
1380,-2000,619
1386,-1998,611
1392,-1996,604
1400,-1994,593
1406,-1992,585
1410,-1991,580
1418,-1988,569
1426,-1985,558
1432,-1983,551
1444,-1979,535
1452,-1976,524
1455,-1975,519
1463,-1972,508
1472,-1968,496
1477,-1967,489
1494,-1960,466
1501,-1956,455
1507,-1954,447
1518,-1949,431
1525,-1945,420
1531,-1943,412
1539,-1939,399
1549,-1934,385
1554,-1931,377
1565,-1926,361
1572,-1922,349
1582,-1916,333
1595,-1909,314
1600,-1906,306
1610,-1900,290
1617,-1896,279
1627,-1890,263
1632,-1887,255
1639,-1882,243
1648,-1876,227
1653,-1873,219
1660,-1868,208
1674,-1858,183
1680,-1853,172
1690,-1846,156
1694,-1843,148
1701,-1838,137
1710,-1830,120
1720,-1822,101
1729,-1814,85
1733,-1810,76
1739,-1805,65
1748,-1797,49
1758,-1788,29
1766,-1780,13
1770,-1776,5
1776,-1770,-5
1784,-1762,-22
1794,-1752,-41
1801,-1743,-57
1811,-1733,-77
1814,-1729,-85
1822,-1720,-101
1827,-1714,-113
1834,-1705,-129
1843,-1694,-148
1850,-1685,-164
1858,-1674,-184
2037,-1198,-838
1873,-1653,-219
2028,-1256,-772
1887,-1632,-255
1901,-1610,-290
2011,-1339,-672
1914,-1587,-326
1926,-1565,-361
1949,-1518,-431
1952,-1512,-439
2044,-919,-1124
2044,-924,-1120
2043,-902,-1140
2042,-887,-1154
2042,-892,-1150
2040,-870,-1170
2040,-865,-1174
2039,-855,-1183
2039,-860,-1179
2038,-845,-1192
2037,-837,-1199
2035,-822,-1212
2036,-827,-1208
2035,-820,-1215
2033,-805,-1228
2031,-790,-1241
2029,-777,-1251
2031,-794,-1237
2029,-779,-1250
2028,-772,-1256
2026,-759,-1267
2026,-756,-1269
2027,-761,-1265
2024,-746,-1278
2022,-734,-1288
2021,-726,-1294
2022,-731,-1291
2021,-728,-1293
2020,-720,-1299
2017,-705,-1312
2016,-700,-1316
2014,-690,-1324
2015,-694,-1321
2012,-679,-1333
2011,-671,-1339
2010,-667,-1343
2009,-664,-1345
2012,-676,-1336
2009,-661,-1348
2004,-640,-1364
2004,-637,-1366
1999,-617,-1382
2002,-630,-1372
2001,-627,-1374
1997,-606,-1390
1996,-603,-1392
1993,-591,-1402
1994,-596,-1398
1994,-592,-1401
1992,-585,-1407
1988,-569,-1418
1985,-556,-1428
1986,-561,-1424
1985,-558,-1427
1983,-550,-1432
1979,-535,-1444
1976,-522,-1453
1977,-527,-1450
1976,-524,-1452
1972,-508,-1463
1970,-500,-1469
1967,-492,-1475
1965,-484,-1480
1966,-489,-1477
1962,-473,-1488
1960,-465,-1494
1957,-457,-1499
1956,-454,-1501
1954,-446,-1507
1946,-421,-1525
1949,-430,-1518
1946,-422,-1523
1945,-419,-1526
1940,-403,-1536
1938,-395,-1542
1935,-387,-1547
1932,-379,-1552
1934,-384,-1549
1929,-368,-1560
1923,-352,-1570
1922,-349,-1572
1916,-333,-1583
1913,-325,-1588
1910,-317,-1593
1909,-314,-1595
1903,-298,-1605
1900,-290,-1610
1895,-277,-1618
1896,-278,-1617
1890,-262,-1627
1884,-246,-1637
1882,-243,-1639
1876,-227,-1648
1873,-219,-1653
1868,-207,-1660
1861,-191,-1669
1854,-175,-1679
1853,-172,-1681
1846,-156,-1690
1834,-128,-1705
1838,-136,-1701
1827,-112,-1714
1821,-101,-1720
1814,-84,-1729
1805,-65,-1740
1797,-49,-1748
1788,-29,-1758
1770,6,-1776
1762,22,-1784
1752,41,-1794
1714,113,-1827
1694,149,-1843
1653,220,-1873
1610,291,-1901
1564,361,-1926
1541,396,-1938
1517,431,-1949
1493,466,-1960
1487,474,-1962
1468,501,-1970
1457,517,-1974
1443,536,-1979
1432,551,-1983
1426,559,-1985
1418,570,-1988
1406,586,-1992
1392,604,-1996
1386,612,-1998
1380,620,-2000
1374,628,-2002
1365,638,-2004
1355,651,-2007
1353,654,-2007
1347,661,-2009
1338,672,-2011
1332,680,-2013
1328,685,-2013
1320,695,-2016
1311,706,-2017
1305,713,-2019
1299,721,-2020
1292,729,-2021
1291,730,-2022
1283,739,-2023
1277,747,-2024
1271,754,-2026
1267,759,-2026
1264,762,-2027
1255,773,-2028
1249,780,-2030
1243,788,-2031
1245,785,-2030
1236,795,-2032
1460,512,-1973
1227,806,-2033
1220,813,-2034
1214,820,-2035
1216,818,-2035
1207,828,-2036
1198,838,-2037
1206,830,-2036
1192,846,-2038
1185,853,-2039
1188,850,-2038
1178,860,-2039
1174,865,-2040
1169,871,-2040
1162,878,-2041
1156,885,-2042
1158,883,-2041
1149,893,-2042
1145,897,-2043
1139,903,-2043
1133,910,-2043
1126,918,-2044
1129,915,-2044
1119,925,-2044
1124,919,-2044
1110,935,-2045
1103,942,-2045
1108,937,-2045
1096,949,-2046
1089,957,-2046
1315,702,-2017
1079,967,-2046
1072,974,-2047
1066,981,-2047
1068,978,-2047
1059,988,-2047
1064,982,-2047
1049,998,-2047
1042,1005,-2047
1035,1012,-2047
1038,1009,-2047
1028,1019,-2047
1060,987,-2047
1018,1029,-2047
1011,1036,-2047
1004,1043,-2047
1007,1040,-2047
997,1050,-2047
992,1054,-2047
987,1060,-2047
980,1067,-2047
973,1074,-2047
965,1081,-2046
971,1075,-2047
955,1090,-2046
