624,1376,-2001
627,1374,-2002
635,1368,-2003
658,1349,-2008
661,1347,-2009
669,1341,-2010
684,1329,-2013
692,1322,-2015
687,1326,-2014
703,1314,-2017
718,1301,-2020
726,1295,-2021
729,1292,-2021
736,1286,-2023
751,1273,-2025
759,1267,-2026
762,1265,-2027
769,1258,-2028
784,1245,-2030
792,1239,-2031
795,1236,-2032
802,1230,-2033
817,1217,-2034
825,1210,-2035
820,1214,-2035
828,1208,-2036
850,1188,-2038
845,1192,-2038
857,1181,-2039
868,1172,-2040
875,1165,-2041
890,1152,-2042
878,1162,-2041
893,1149,-2042
900,1142,-2043
915,1129,-2044
922,1122,-2044
925,1119,-2044
930,1114,-2045
939,1106,-2045
946,1099,-2046
954,1092,-2046
956,1089,-2046
964,1082,-2046
978,1068,-2047
974,1073,-2047
985,1061,-2047
988,1059,-2047
1002,1045,-2047
1009,1038,-2047
1016,1031,-2047
1019,1028,-2047
1026,1021,-2047
1040,1007,-2047
1047,1000,-2047
1050,997,-2047
1053,994,-2047
1057,990,-2047
1071,976,-2047
1078,968,-2047
1080,966,-2046
1087,958,-2046
1094,951,-2046
1101,944,-2045
1108,937,-2045
1117,927,-2045
1124,919,-2044
1131,912,-2044
1138,905,-2043
1150,892,-2042
1147,895,-2042
1161,880,-2041
1167,873,-2040
1179,859,-2039
1177,862,-2039
1190,848,-2038
1197,840,-2037
1199,837,-2037
1212,822,-2035
1219,815,-2034
1225,807,-2033
1234,797,-2032
1241,789,-2031
1247,782,-2030
1254,774,-2029
1263,764,-2027
1276,749,-2025
1282,741,-2024
1291,731,-2022
1297,723,-2021
1303,715,-2019
1310,708,-2018
1324,689,-2014
1331,682,-2013
1337,674,-2011
1352,656,-2008
1358,648,-2006
1364,640,-2004
1378,622,-2000
1390,606,-1997
1404,588,-1992
1410,580,-1991
1416,572,-1989
1430,553,-1984
1442,538,-1980
1456,519,-1975
1467,503,-1970
1486,476,-1963
1492,468,-1960
1510,441,-1952
1516,433,-1950
1534,406,-1941
1540,398,-1939
1563,363,-1927
1586,328,-1914
1608,293,-1901
1630,257,-1888
1652,222,-1874
1672,186,-1859
1688,159,-1847
1713,115,-1828
1728,87,-1815
1732,79,-1812
1751,43,-1795
1769,8,-1777
1787,-27,-1759
1804,-63,-1741
1817,-90,-1726
1821,-99,-1722
1837,-134,-1702
1845,-154,-1691
1852,-170,-1682
1864,-197,-1666
1867,-205,-1661
1878,-233,-1645
1881,-241,-1640
1889,-260,-1628
1895,-276,-1618
1900,-288,-1611
1906,-304,-1601
1909,-312,-1596
1915,-331,-1584
1921,-347,-1574
1925,-358,-1566
1931,-374,-1556
1933,-382,-1550
1940,-401,-1538
1945,-417,-1527
1946,-420,-1525
1948,-428,-1519
1951,-436,-1514
1956,-452,-1503
1959,-463,-1495
1964,-479,-1484
1966,-487,-1478
1969,-498,-1470
1971,-506,-1465
1973,-514,-1459
1976,-522,-1453
1979,-533,-1445
1981,-541,-1440
1985,-556,-1428
1987,-567,-1420
1991,-581,-1409
1991,-583,-1408
1993,-591,-1402
1996,-601,-1394
1998,-609,-1388
1999,-617,-1382
2001,-625,-1376
2004,-638,-1365
2005,-643,-1361
2007,-651,-1355
2008,-659,-1349
2011,-672,-1338
2012,-677,-1335
2014,-685,-1328
2015,-692,-1322
2019,-717,-1302
2018,-711,-1307
2020,-718,-1301
2021,-726,-1295
2024,-744,-1279
2026,-755,-1271
2026,-759,-1267
2028,-770,-1258
2029,-777,-1251
2031,-788,-1242
2030,-785,-1245
2031,-792,-1238
2034,-816,-1218
2034,-810,-1223
2035,-818,-1216
2035,-825,-1210
2038,-849,-1189
2037,-843,-1194
2038,-850,-1187
2039,-858,-1181
2041,-875,-1165
2042,-886,-1156
2041,-883,-1158
2042,-890,-1151
2043,-908,-1135
2044,-925,-1119
2044,-922,-1122
2045,-942,-1103
2045,-939,-1105
2046,-947,-1098
2046,-954,-1092
2047,-971,-1075
2047,-988,-1058
2047,-978,-1068
2047,-985,-1061
2047,-1002,-1044
2047,-1009,-1037
2047,-1017,-1030
2047,-1033,-1014
2046,-1083,-962
2047,-1040,-1006
2047,-1047,-999
2046,-1097,-948
2047,-1071,-975
2047,-1078,-968
2045,-1101,-944
2045,-1108,-936
2044,-1125,-919
2044,-1131,-912
2043,-1138,-904
2041,-1161,-880
2040,-1168,-872
2038,-1190,-847
2037,-1197,-840
2034,-1219,-815
2033,-1226,-807
2029,-1254,-774
2025,-1276,-748
2024,-1282,-741
2018,-1310,-707
2013,-1331,-681
2011,-1337,-674
2004,-1364,-640
1997,-1390,-606
1980,-1442,-537
1970,-1467,-503
1960,-1492,-468
1950,-1516,-433
1938,-1540,-398
1927,-1563,-363
1914,-1586,-328
1901,-1608,-292
1888,-1630,-257
1874,-1652,-221
1859,-1673,-186
1844,-1693,-150
1828,-1713,-115
1819,-1723,-95
1811,-1732,-79
1795,-1751,-43
1777,-1769,-7
1775,-1771,-4
1759,-1787,27
1740,-1804,63
1762,-1784,22
1721,-1821,99
1702,-1837,135
1706,-1833,126
1682,-1852,170
1704,-1835,130
1661,-1867,206
1640,-1882,241
1649,-1875,225
1618,-1895,277
1633,-1886,253
1596,-1909,312
1621,-1894,272
1573,-1921,347
1556,-1931,375
1550,-1933,383
1527,-1945,418
1543,-1937,394
1503,-1956,453
1519,-1948,429
1478,-1966,487
1495,-1959,464
1453,-1976,522
1470,-1969,498
1428,-1985,557
1457,-1974,517
1402,-1993,591
1431,-1984,552
1443,-1979,536
1376,-2001,625
1411,-1990,578
1355,-2007,651
1349,-2008,659
1397,-1995,597
1322,-2015,693
1371,-2002,631
1319,-2016,696
1294,-2021,726
1350,-2008,657
1292,-2022,729
1279,-2024,744
1266,-2026,760
1270,-2026,755
1251,-2029,778
1238,-2031,793
1308,-2018,709
1236,-2032,796
1223,-2034,811
1210,-2035,825
1214,-2035,821
1207,-2036,828
1187,-2038,851
1198,-2037,839
1180,-2039,858
1171,-2040,868
1165,-2041,876
1158,-2041,883
1151,-2042,890
1148,-2042,893
1135,-2043,908
1128,-2044,915
1121,-2044,922
1119,-2044,925
1112,-2045,932
1105,-2045,940
1098,-2046,947
1091,-2046,954
1089,-2046,957
1082,-2046,964
1075,-2047,971
1068,-2047,979
1061,-2047,986
1058,-2047,988
1051,-2047,996
1044,-2047,1003
1037,-2047,1010
1030,-2047,1017
1027,-2047,1020
1020,-2047,1027
1013,-2047,1034
1006,-2047,1041
999,-2047,1048
1001,-2047,1046
982,-2047,1064
986,-2047,1060
975,-2047,1071
968,-2047,1078
965,-2046,1081
958,-2046,1088
951,-2046,1095
943,-2045,1102
936,-2045,1108
933,-2045,1111
926,-2044,1118
919,-2044,1125
911,-2044,1132
904,-2043,1138
898,-2043,1144
894,-2042,1148
887,-2042,1154
879,-2041,1161
872,-2040,1168
866,-2040,1173
862,-2039,1177
854,-2039,1184
847,-2038,1190
839,-2037,1197
829,-2036,1206
822,-2035,1213
819,-2035,1215
814,-2034,1219
807,-2033,1226
796,-2032,1235
789,-2031,1241
773,-2028,1255
781,-2030,1248
771,-2028,1257
763,-2027,1263
756,-2026,1270
748,-2025,1276
738,-2023,1285
730,-2022,1291
719,-2020,1300
722,-2020,1298
715,-2019,1304
696,-2016,1319
689,-2014,1325
678,-2012,1334
681,-2013,1331
663,-2009,1346
655,-2008,1352
647,-2006,1358
637,-2004,1367
629,-2002,1373
621,-2000,1379
613,-1998,1385
595,-1994,1399
587,-1992,1405
579,-1990,1411
560,-1986,1425
553,-1984,1431
545,-1982,1436
526,-1977,1450
518,-1975,1456
510,-1972,1462
483,-1965,1481
476,-1963,1487
449,-1955,1505
441,-1952,1511
414,-1944,1529
406,-1941,1535
379,-1932,1553
371,-1929,1558
335,-1917,1581
300,-1904,1604
273,-1894,1621
265,-1891,1626
229,-1877,1647
158,-1847,1689
122,-1831,1709
87,-1815,1728
51,-1798,1747
15,-1781,1765
-20,-1763,1783
-55,-1745,1800
-91,-1726,1817
-127,-1706,1833
-162,-1686,1849
-198,-1666,1864
-217,-1654,1872
-234,-1644,1879
-261,-1628,1889
-269,-1623,1892
-304,-1601,1906
-316,-1594,1910
-332,-1584,1916
-340,-1578,1919
-359,-1566,1925
-375,-1555,1931
-394,-1543,1937
-402,-1537,1940
-410,-1532,1942
-429,-1519,1948
-445,-1508,1953
-456,-1500,1957
-464,-1495,1959
-480,-1483,1964
-491,-1476,1967
-507,-1464,1971
-515,-1459,1974
-533,-1445,1979
-541,-1439,1981
-549,-1433,1983
-558,-1427,1985
-576,-1413,1990
-583,-1408,1991
-594,-1399,1994
-602,-1393,1996
-618,-1381,1999
-628,-1373,2002
-636,-1367,2004
-644,-1361,2005
-652,-1355,2007
-662,-1346,2009
-670,-1340,2011
-678,-1334,2012
-685,-1328,2014
-704,-1313,2017
-711,-1307,2018
-719,-1300,2020
-729,-1292,2022
-737,-1285,2023
-745,-1279,2024
-752,-1273,2025
-763,-1264,2027
-770,-1257,2028
-778,-1251,2029
-785,-1244,2030
-796,-1235,2032
-803,-1229,2033
-811,-1222,2034
-818,-1216,2035
-829,-1207,2036
-836,-1200,2037
-844,-1193,2038
-851,-1187,2038
-869,-1171,2040
-871,-1168,2040
-883,-1158,2041
-886,-1155,2042
-894,-1148,2042
-908,-1135,2043
-915,-1128,2044
-918,-1125,2044
-926,-1118,2044
-940,-1105,2045
-943,-1102,2045
-947,-1098,2046
-956,-1090,2046
-972,-1074,2047
-979,-1068,2047
-982,-1065,2047
-996,-1051,2047
-1003,-1044,2047
-1010,-1037,2047
-1020,-1027,2047
-1027,-1020,2047
-1034,-1013,2047
-1041,-1006,2047
-1051,-996,2047
-1065,-982,2047
-1067,-979,2047
-1072,-975,2047
-1081,-965,2046
-1095,-950,2046
-1102,-943,2045
-1118,-926,2044
-1125,-918,2044
-1132,-911,2044
-1141,-901,2043
-1155,-886,2042
-1161,-879,2041
-1171,-869,2040
-1177,-861,2039
-1191,-847,2038
-1207,-829,2036
-1213,-821,2035
-1220,-814,2034
-1235,-796,2032
-1248,-781,2030
-1257,-771,2028
-1270,-755,2026
-1276,-748,2025
-1291,-730,2022
-1304,-714,2019
-1319,-696,2016
-1331,-681,2013
-1352,-655,2008
-1358,-647,2006
-1385,-613,1998
-1405,-587,1992
-1411,-579,1990
-1437,-544,1982
-1462,-510,1972
-1487,-475,1962
-1511,-440,1952
-1535,-405,1941
-1558,-370,1929
-1581,-335,1917
-1626,-264,1891
-1642,-237,1880
-1668,-193,1862
-1689,-158,1847
-1709,-122,1831
-1728,-86,1815
-1747,-51,1798
-1765,-15,1781
-1779,12,1767
-1783,20,1763
-1801,56,1744
-1817,91,1725
-1830,119,1710
-1833,127,1706
-1849,163,1686
-1861,190,1670
-1864,198,1665
-1875,226,1649
-1879,234,1644
-1893,269,1623
-1900,289,1611
-1906,305,1601
-1913,324,1588
-1919,340,1578
-1925,359,1566
-1931,375,1555
-1935,386,1548
-1940,402,1537
-1942,410,1532
-1951,437,1513
-1953,445,1508
-1959,464,1494
-1962,472,1489
-1964,480,1483
-1972,507,1464
-1974,515,1458
-1979,534,1445
-1981,541,1439
-1983,549,1433
-1988,568,1419
-1990,576,1413
-1992,584,1407
-1996,602,1393
-1998,610,1387
-2000,618,1381
-2004,636,1367
-2005,644,1361
-2007,652,1355
-2009,663,1346
-2012,678,1334
-2014,686,1328
-2016,696,1319
-2017,704,1313
-2019,712,1306
-2020,719,1300
-2022,730,1291
-2023,737,1285
-2024,745,1279
-2025,753,1272
-2027,763,1263
-2028,771,1257
-2029,778,1251
-2030,786,1244
-2032,796,1235
-2033,804,1229
-2034,811,1222
-2035,824,1210
-2035,819,1216
-2037,836,1200
-2038,844,1193
-2038,847,1191
-2038,851,1187
-2039,862,1177
-2040,869,1171
-2041,876,1164
-2041,884,1157
-2042,894,1148
-2043,907,1136
-2043,901,1141
-2043,908,1134
-2044,916,1128
-2044,926,1118
-2045,933,1111
-2046,946,1099
-2045,940,1104
-2046,948,1098
-2046,958,1088
-2046,965,1081
-2047,978,1069
-2047,972,1074
-2047,982,1065
-2047,979,1067
-2047,1004,1042
-2047,996,1051
-2047,1003,1044
-2047,1010,1037
-2047,1020,1027
-2047,1030,1017
-2047,1027,1020
-2047,1034,1013
-2047,1047,1000
-2047,1041,1006
-2047,1051,996
-2047,1061,986
-2047,1058,989
-2047,1065,981
-2047,1072,974
-2046,1096,949
-2046,1091,954
-2046,1088,957
-2046,1095,950
-2045,1102,943
-2045,1114,930
-2044,1119,925
-2044,1128,915
-2044,1125,918
-2044,1132,911
-2043,1142,901
-2042,1151,891
-2042,1148,893
-2042,1155,886
-2041,1162,879
-2040,1171,868
-2039,1180,858
-2039,1178,861
-2039,1184,854
-2038,1191,846
-2035,1214,820
-2036,1207,829
-2035,1213,821
-2034,1220,814
-2033,1229,803
-2031,1238,793
-2031,1242,788
-2029,1251,778
-2030,1248,781
-2027,1266,760
-2027,1264,763
-2026,1270,755
-2025,1277,748
-2023,1285,737
-2022,1292,729
-2020,1298,722
-2019,1304,714
-2015,1322,693
-2014,1325,688
-2014,1328,685
-2013,1332,681
-2008,1349,659
-2007,1353,654
-2006,1359,647
-2001,1375,625
-2000,1379,620
-1998,1385,613
-1996,1393,602
-1994,1399,594
-1990,1411,578
-1987,1422,565
-1984,1431,552
-1982,1437,544
-1974,1456,517
-1972,1462,510
-1967,1476,491
-1962,1487,475
-1957,1500,456
-1952,1511,440
-1943,1530,413
-1941,1535,405
-1932,1553,378
-1929,1559,370
-1917,1582,335
-1904,1604,299
-1891,1626,264
-1876,1647,229
-1862,1668,193
-1847,1689,157
-1831,1709,122
-1815,1728,86
-1798,1747,50
-1781,1766,14
-1763,1783,-20
-1744,1801,-56
-1730,1814,-84
-1725,1817,-92
-1706,1834,-127
-1690,1846,-155
-1686,1849,-163
-1670,1861,-191
-1665,1864,-199
-1649,1876,-226
-1644,1879,-234
-1627,1890,-262
-1622,1893,-270
-1616,1897,-281
-1600,1906,-305
-1598,1907,-308
-1583,1916,-332
-1581,1917,-336
-1578,1919,-340
-1560,1928,-368
-1558,1929,-371
-1555,1931,-376
-1542,1937,-395
-1537,1940,-403
-1531,1943,-411
-1524,1946,-422
-1513,1951,-438
-1507,1954,-446
-1500,1957,-457
-1494,1959,-465
-1489,1962,-473
-1483,1964,-480
-1475,1967,-491
-1464,1972,-507
-1456,1975,-518
-1458,1974,-515
-1450,1977,-526
-1439,1981,-542
-1433,1983,-550
-1425,1986,-561
-1419,1988,-568
-1413,1990,-576
-1407,1992,-584
-1399,1994,-595
-1397,1995,-598
-1387,1998,-610
-1381,2000,-618
-1379,2000,-621
-1373,2002,-629
-1366,2004,-637
-1354,2007,-652
-1352,2008,-655
-1346,2009,-663
-1333,2012,-678
-1325,2014,-689
-1327,2014,-686
-1319,2016,-697
-1306,2019,-712
-1304,2019,-715
-1300,2020,-720
-1291,2022,-730
-1285,2023,-738
-1272,2025,-753
-1270,2026,-756
-1263,2027,-763
-1257,2028,-771
-1250,2029,-778
-1244,2030,-786
-1235,2032,-796
-1226,2033,-807
-1222,2034,-811
-1215,2035,-819
-1206,2036,-829
-1200,2037,-837
-1193,2038,-844
-1186,2038,-852
-1174,2040,-865
-1170,2040,-869
-1157,2041,-884
-1148,2042,-894
-1141,2043,-901
-1134,2043,-909
-1127,2044,-916
-1118,2045,-926
-1111,2045,-933
-1097,2046,-948
-1088,2046,-958
-1078,2047,-968
-1074,2047,-972
-1067,2047,-979
-1050,2047,-996
-1043,2047,-1004
-1036,2047,-1011
-1019,2047,-1028
-1005,2047,-1042
-988,2047,-1058
-981,2047,-1065
-974,2047,-1072
-957,2046,-1089
-942,2045,-1102
-918,2044,-1126
-911,2043,-1132
-886,2042,-1155
-878,2041,-1162
-846,2038,-1191
-813,2034,-1220
-788,2031,-1242
-780,2030,-1249
-714,2019,-1305
-680,2013,-1332
-578,1990,-1412
-475,1962,-1487
-440,1952,-1512
-370,1929,-1559
-334,1917,-1582
-299,1904,-1604
-264,1890,-1626
-228,1876,-1648
-193,1862,-1669
-157,1847,-1689
-129,1835,-1705
-121,1831,-1709
-86,1815,-1728
-74,1809,-1735
-50,1798,-1747
-22,1784,-1762
-14,1780,-1766
-11,1779,-1767
21,1762,-1784
32,1757,-1789
56,1744,-1801
60,1742,-1802
92,1725,-1818
95,1723,-1819
112,1714,-1826
128,1706,-1834
139,1699,-1839
163,1685,-1849
158,1688,-1847
199,1665,-1864
186,1673,-1859
210,1658,-1869
235,1644,-1879
246,1637,-1883
270,1622,-1893
213,1657,-1870
281,1615,-1897
305,1600,-1906
284,1613,-1898
325,1588,-1913
341,1578,-1919
328,1586,-1914
376,1555,-1931
299,1604,-1904
371,1558,-1929
403,1537,-1940
411,1531,-1943
422,1524,-1946
438,1513,-1951
446,1507,-1954
457,1500,-1957
473,1488,-1962
481,1483,-1964
484,1481,-1965
515,1458,-1974
487,1478,-1966
519,1456,-1975
542,1438,-1981
550,1433,-1983
545,1436,-1982
569,1419,-1988
584,1407,-1992
572,1416,-1989
603,1393,-1996
611,1387,-1998
619,1381,-2000
622,1378,-2000
645,1360,-2005
653,1354,-2007
648,1358,-2006
663,1346,-2009
679,1333,-2012
686,1327,-2014
689,1325,-2014
705,1312,-2017
712,1306,-2019
720,1300,-2020
723,1297,-2020
738,1285,-2023
753,1272,-2025
749,1276,-2025
764,1263,-2027
759,1267,-2026
786,1244,-2030
774,1254,-2029
789,1241,-2031
797,1235,-2032
812,1222,-2034
819,1215,-2035
818,1216,-2035
830,1206,-2036
844,1193,-2038
852,1186,-2038
855,1183,-2039
862,1177,-2039
877,1163,-2041
872,1168,-2040
884,1157,-2041
894,1147,-2042
902,1141,-2043
909,1134,-2043
916,1127,-2044
912,1131,-2044
926,1118,-2045
934,1111,-2045
941,1104,-2045
948,1097,-2046
958,1087,-2046
965,1081,-2046
973,1074,-2047
975,1071,-2047
980,1067,-2047
990,1057,-2047
997,1050,-2047
1004,1043,-2047
1011,1036,-2047
1021,1026,-2047
1024,1023,-2047
1028,1019,-2047
1042,1005,-2047
1045,1002,-2047
1052,995,-2047
1061,985,-2047
1066,981,-2047
1072,974,-2047
1075,971,-2047
1082,964,-2046
1096,949,-2046
1099,947,-2046
1103,942,-2045
1112,932,-2045
1119,925,-2044
1126,918,-2044
1135,907,-2043
1133,910,-2043
1151,890,-2042
1149,893,-2042
1162,878,-2041
1174,865,-2040
1172,868,-2040
1178,860,-2039
1185,853,-2039
1192,846,-2038
1201,835,-2037
1207,828,-2036
1214,820,-2035
1220,813,-2034
1239,792,-2031
1243,788,-2031
1249,780,-2030
1258,770,-2028
1267,759,-2026
1271,754,-2026
1277,747,-2024
1286,736,-2023
1299,721,-2020
1307,711,-2018
1305,713,-2019
1320,695,-2016
1326,688,-2014
1332,680,-2013
1352,655,-2008
1353,654,-2007
1359,646,-2006
1374,628,-2002
1380,620,-2000
1386,612,-1998
1406,586,-1992
1412,578,-1990
1426,559,-1985
1432,551,-1983
1437,543,-1981
1457,517,-1974
1463,509,-1972
1482,482,-1964
1487,474,-1962
1506,447,-1954
1512,439,-1952
1536,404,-1941
1554,377,-1932
1559,369,-1929
1582,334,-1917
1599,307,-1907
1604,299,-1904
1626,263,-1890
1648,228,-1876
1669,192,-1862
1689,157,-1846
1709,121,-1831
1729,85,-1814
1748,50,-1798
1766,14,-1780
1780,-13,-1766
1784,-21,-1762
1801,-57,-1744
1818,-92,-1725
1830,-120,-1710
1834,-128,-1705
1850,-164,-1685
1858,-183,-1674
1865,-199,-1665
1873,-219,-1653
1879,-235,-1644
1880,-238,-1642
1890,-262,-1627
1893,-270,-1622
1900,-290,-1610
1906,-306,-1600
1912,-320,-1591
1916,-333,-1583
1919,-341,-1577
1923,-352,-1570
1929,-368,-1560
1931,-376,-1554
1935,-387,-1547
1940,-403,-1536
1943,-411,-1531
1946,-422,-1523
1949,-430,-1518
1954,-446,-1507
1961,-471,-1489
1960,-465,-1494
1964,-481,-1483
1965,-484,-1480
1970,-500,-1469
1972,-508,-1463
1974,-516,-1458
1981,-541,-1439
1979,-535,-1444
1981,-542,-1438
1983,-550,-1432
1986,-561,-1424
1988,-569,-1418
1992,-585,-1407
1992,-588,-1404
1996,-603,-1392
1997,-606,-1390
2000,-619,-1380
2000,-622,-1378
2004,-637,-1366
2005,-645,-1360
2006,-648,-1358
2007,-653,-1354
2011,-671,-1339
2011,-674,-1337
2012,-679,-1333
2014,-687,-1327
2017,-705,-1312
2018,-708,-1309
2019,-713,-1306
2020,-720,-1299
2022,-731,-1291
2023,-738,-1284
2024,-746,-1278
2026,-754,-1272
2028,-772,-1256
2029,-777,-1251
2029,-779,-1250
2030,-787,-1243
2031,-792,-1238
2033,-805,-1228
2034,-812,-1221
2035,-822,-1212
2035,-820,-1215
2037,-837,-1199
2038,-845,-1192
2038,-852,-1186
2039,-862,-1177
2040,-870,-1170
2041,-883,-1158
2041,-877,-1163
2041,-885,-1156
2043,-902,-1140
2043,-909,-1134
2044,-919,-1124
2044,-917,-1127
2045,-934,-1110
2045,-941,-1104
2046,-948,-1097
2046,-958,-1087
2046,-966,-1080
2047,-973,-1073
2047,-990,-1057
2047,-980,-1066
2047,-1007,-1040
2047,-1004,-1043
2047,-1011,-1036
2047,-1028,-1019
2047,-1035,-1012
2047,-1052,-995
2047,-1042,-1005
2047,-1075,-971
2047,-1066,-981
2047,-1073,-973
2046,-1096,-949
2045,-1113,-932
2045,-1103,-942
2044,-1126,-917
2042,-1149,-892
2043,-1133,-910
2042,-1156,-885
2041,-1163,-878
2036,-1208,-828
2038,-1192,-845
2035,-1214,-820
2034,-1221,-813
2027,-1265,-762
2029,-1249,-780
2024,-1277,-747
2020,-1299,-721
2019,-1305,-713
2013,-1332,-680
2006,-1359,-646
1998,-1386,-612
1990,-1412,-578
1981,-1438,-543
1962,-1488,-474
1952,-1512,-439
1940,-1536,-404
1929,-1559,-369
1916,-1582,-334
1904,-1605,-298
1890,-1627,-263
1876,-1648,-227
1861,-1669,-192
1846,-1690,-156
1831,-1709,-121
1818,-1724,-93
1814,-1729,-85
1797,-1748,-49
1780,-1766,-13
1790,-1755,-35
1762,-1784,21
1744,-1801,57
1725,-1818,93
1729,-1814,85
1705,-1834,128
1714,-1827,112
1685,-1850,164
1708,-1832,123
1665,-1865,200
1643,-1879,235
1622,-1893,271
1627,-1890,263
1600,-1906,306
1605,-1903,298
1577,-1919,341
1593,-1911,317
1554,-1931,377
1531,-1943,412
1536,-1940,404
1507,-1954,447
1512,-1951,439
1482,-1964,481
1499,-1957,458
1457,-1974,516
1480,-1965,485
1432,-1983,551
1461,-1973,511
1406,-1992,585
1436,-1982,546
1380,-2000,619
1404,-1993,588
1366,-2004,638
1354,-2007,653
1396,-1995,599
1333,-2012,679
1327,-2014,687
1324,-2015,690
1305,-2019,713
1299,-2020,720
1297,-2021,723
1278,-2024,746
1271,-2026,754
1269,-2026,757
1256,-2028,772
1243,-2031,787
1253,-2029,775
1228,-2033,805
1221,-2034,812
1214,-2035,820
1212,-2035,823
1199,-2037,838
1192,-2038,845
1185,-2038,852
1183,-2039,855
1170,-2040,870
1163,-2041,877
1156,-2042,885
1154,-2042,888
1147,-2042,895
1133,-2043,910
1126,-2044,917
1124,-2044,920
1117,-2045,927
1110,-2045,934
1103,-2045,942
1096,-2046,949
1094,-2046,952
1080,-2046,966
1084,-2046,962
1066,-2047,980
1063,-2047,983
1056,-2047,990
1049,-2047,997
1042,-2047,1004
1035,-2047,1012
1033,-2047,1014
1026,-2047,1021
1019,-2047,1028
1012,-2047,1035
1004,-2047,1042
1002,-2047,1045
995,-2047,1052
987,-2047,1059
980,-2047,1066
973,-2047,1073
970,-2047,1076
963,-2046,1083
956,-2046,1090
949,-2046,1096
942,-2045,1103
943,-2045,1102
924,-2044,1120
917,-2044,1126
914,-2044,1129
910,-2043,1133
904,-2043,1139
899,-2043,1143
892,-2042,1149
885,-2041,1156
877,-2041,1163
872,-2040,1168
860,-2039,1179
852,-2038,1185
850,-2038,1188
845,-2038,1192
835,-2037,1201
827,-2036,1208
820,-2035,1214
812,-2034,1221
807,-2033,1226
794,-2032,1237
787,-2031,1243
784,-2030,1246
779,-2029,1250
769,-2028,1258
761,-2027,1265
754,-2026,1271
740,-2023,1283
746,-2024,1278
728,-2021,1293
720,-2020,1299
718,-2020,1302
713,-2019,1305
702,-2017,1314
695,-2015,1320
687,-2014,1327
679,-2012,1333
661,-2009,1347
653,-2007,1354
645,-2006,1360
635,-2003,1368
627,-2002,1374
619,-2000,1380
611,-1998,1386
593,-1994,1400
585,-1992,1406
577,-1990,1412
558,-1985,1426
551,-1983,1432
543,-1981,1438
524,-1976,1452
516,-1974,1457
508,-1972,1463
481,-1964,1482
474,-1962,1488
455,-1956,1501
439,-1951,1512
420,-1945,1525
404,-1940,1536
377,-1931,1554
369,-1929,1560
341,-1919,1577
333,-1916,1582
298,-1903,1605
263,-1890,1627
235,-1879,1643
192,-1861,1669
156,-1846,1690
120,-1830,1710
49,-1797,1748
13,-1780,1766
-13,-1766,1780
-57,-1743,1801
-93,-1724,1818
-121,-1709,1831
-129,-1705,1834
-164,-1685,1850
-200,-1664,1865
-228,-1648,1876
-236,-1643,1879
-263,-1627,1890
-271,-1622,1893
-298,-1605,1904
-306,-1600,1907
-334,-1582,1916
-342,-1577,1919
-361,-1565,1926
-377,-1554,1931
-396,-1541,1938
-404,-1536,1940
-412,-1530,1943
-439,-1512,1952
-447,-1507,1954
-458,-1499,1957
-474,-1488,1962
-482,-1482,1964
-493,-1474,1968
-509,-1463,1972
-516,-1457,1974
-527,-1449,1977
-535,-1443,1979
-551,-1432,1983
-562,-1424,1986
-578,-1412,1990
-585,-1406,1992
-596,-1398,1995
-604,-1392,1996
-612,-1386,1998
-619,-1380,2000
-630,-1372,2002
-646,-1359,2006
-656,-1351,2008
-653,-1353,2007
-664,-1345,2009
-680,-1332,2013
-690,-1324,2015
-687,-1326,2014
-706,-1311,2017
-713,-1305,2019
-721,-1299,2020
-731,-1290,2022
-739,-1284,2023
-747,-1277,2024
-754,-1271,2026
-765,-1262,2027
-772,-1256,2028
-780,-1249,2029
-787,-1243,2031
-798,-1234,2032
-805,-1227,2033
-813,-1221,2034
-820,-1214,2035
-831,-1205,2036
-845,-1192,2038
-848,-1189,2038
-853,-1185,2038
-863,-1176,2040
-878,-1163,2041
-881,-1160,2041
-885,-1156,2042
-895,-1147,2042
-903,-1140,2043
-910,-1133,2043
-917,-1126,2044
-927,-1117,2045
-935,-1110,2045
-942,-1103,2045
-949,-1096,2046
-959,-1087,2046
-962,-1084,2046
-973,-1073,2047
-981,-1066,2047
-991,-1056,2047
-998,-1049,2047
-1005,-1042,2047
-1012,-1035,2047
-1022,-1025,2047
-1029,-1018,2047
-1036,-1011,2047
-1043,-1004,2047
-1052,-994,2047
-1059,-987,2047
-1073,-973,2047
-1083,-963,2046
-1090,-956,2046
-1097,-948,2046
-1104,-941,2045
-1113,-931,2045
-1127,-917,2044
-1134,-909,2043
-1143,-899,2043
-1150,-892,2042
-1163,-877,2041
-1172,-867,2040
-1179,-860,2039
-1192,-845,2038
-1202,-834,2037
-1215,-820,2035
-1221,-812,2034
-1237,-794,2031
-1250,-779,2029
-1259,-769,2028
-1278,-746,2024
-1287,-735,2023
-1306,-713,2019
-1314,-702,2017
-1327,-687,2014
-1333,-679,2012
-1360,-645,2005
-1374,-627,2001
-1386,-611,1998
-1413,-577,1990
-1432,-550,1983
-1438,-542,1981
-1463,-508,1972
-1488,-473,1962
-1536,-403,1940
-1554,-376,1931
-1583,-333,1916
-1605,-298,1903
-1627,-262,1890
-1649,-227,1876
-1669,-191,1861
-1690,-156,1846
-1729,-84,1814
-1744,-57,1801
-1748,-49,1797
-1766,-13,1780
-1784,22,1762
-1802,58,1743
-1818,93,1724
-1831,121,1709
-1834,129,1705
-1846,157,1689
-1850,165,1685
-1865,200,1664
-1876,228,1648
-1879,236,1643
-1893,271,1621
-1904,299,1604
-1907,307,1599
-1917,334,1582
-1919,342,1577
-1929,369,1559
-1932,377,1554
-1941,404,1536
-1943,412,1530
-1949,431,1517
-1954,447,1506
-1960,466,1493
-1962,474,1487
-1964,482,1482
-1972,509,1463
-1974,517,1457
-1979,536,1443
-1981,543,1437
-1983,551,1432
-1988,570,1418
-1992,586,1406
-1995,596,1398
-1998,612,1386
-2001,623,1377
-2000,620,1380
-2006,646,1359
-2007,654,1353
-2010,664,1345
-2013,680,1332
-2015,691,1324
-2014,688,1326
-2017,706,1311
-2019,714,1305
-2020,721,1299
-2022,732,1290
-2024,747,1277
-2026,757,1268
-2026,754,1271
-2028,773,1255
-2030,780,1249
-2031,791,1240
-2031,788,1242
-2033,806,1227
-2034,813,1220
-2035,820,1214
-2037,837,1200
-2036,831,1205
-2038,846,1192
-2039,853,1185
-2040,863,1176
-2041,874,1166
-2040,871,1169
-2041,878,1162
-2042,885,1156
-2042,896,1146
-2043,903,1139
-2043,910,1133
-2044,918,1126
-2045,928,1116
-2045,935,1110
-2045,942,1103
-2046,949,1096
-2046,952,1093
-2046,959,1086
-2046,967,1079
-2047,974,1072
-2047,984,1063
-2047,981,1066
-2047,1001,1046
-2047,998,1049
-2047,1005,1042
-2047,1015,1032
-2047,1012,1035
-2047,1022,1025
-2047,1029,1018
-2047,1036,1011
-2047,1046,1001
-2047,1043,1004
-2047,1062,984
-2047,1060,987
-2047,1067,980
-2047,1074,973
-2046,1083,963
-2046,1093,953
-2046,1090,955
-2046,1097,948
-2045,1104,941
-2045,1113,931
-2044,1123,921
-2044,1120,924
-2044,1127,916
-2043,1134,909
-2042,1153,889
-2042,1150,892
-2041,1157,884
-2041,1163,877
-2038,1187,851
-2039,1182,856
-2038,1186,852
-2038,1193,844
-2036,1202,834
-2035,1211,824
-2036,1208,827
-2035,1215,819
-2034,1222,812
-2031,1240,791
-2031,1237,794
-2030,1244,786
-2029,1250,779
-2026,1268,758
-2027,1265,761
-2025,1272,753
-2024,1278,746
-2021,1296,725
-2020,1300,720
-2019,1306,712
-2017,1315,702
-2015,1321,694
-2014,1327,686
-2012,1333,679
-2009,1348,660
-2007,1354,652
-2005,1360,645
-2001,1377,623
-2000,1381,619
-1998,1387,611
-1993,1403,589
-1992,1407,584
-1990,1413,577
-1985,1427,558
-1981,1438,542
-1978,1446,531
-1974,1458,515
-1972,1464,508
-1964,1483,481
-1962,1488,473
-1954,1507,446
-1951,1513,438
-1940,1537,403
-1934,1549,384
-1928,1560,368
-1916,1583,333
-1903,1605,297
-1893,1622,270
-1890,1627,262
-1876,1649,226
-1861,1670,191
-1846,1690,155
-1830,1710,120
-1814,1729,84
-1797,1748,48
-1780,1767,12
-1762,1784,-22
-1743,1802,-58
-1728,1815,-86
-1724,1818,-94
-1705,1835,-129
-1694,1843,-149
-1684,1850,-165
-1673,1858,-185
-1664,1865,-201
-1653,1873,-220
-1643,1880,-236
-1631,1887,-256
-1626,1890,-264
-1621,1894,-272
-1609,1901,-291
-1599,1907,-307
-1597,1908,-310
-1582,1917,-334
-1577,1920,-342
-1575,1921,-346
-1564,1926,-362
-1554,1932,-378
-1552,1933,-381
-1541,1938,-397
-1535,1941,-405
-1530,1943,-413
-1523,1947,-424
-1512,1952,-440
-1506,1954,-448
-1498,1958,-459
-1493,1960,-467
-1487,1962,-475
-1482,1965,-482
-1474,1968,-493
-1468,1970,-501
-1462,1972,-509
-1457,1974,-517
-1449,1977,-528
-1443,1979,-536
-1431,1984,-552
-1429,1984,-555
-1417,1988,-570
-1415,1989,-573
-1406,1992,-586
-1403,1993,-589
-1397,1995,-597
-1391,1996,-605
-1385,1998,-612
-1379,2000,-620
-1371,2002,-631
-1365,2004,-639
-1359,2006,-646
-1353,2007,-654
-1344,2010,-665
-1338,2011,-673
-1332,2013,-680
-1326,2014,-688
-1321,2015,-694
-1317,2016,-699
-1305,2019,-714
-1298,2020,-721
-1290,2022,-732
-1287,2023,-735
-1283,2023,-740
-1270,2026,-755
-1268,2026,-758
-1262,2027,-765
-1255,2028,-773
-1249,2030,-780
-1242,2031,-788
-1233,2032,-798
-1227,2033,-806
-1214,2035,-821
-1211,2035,-824
-1204,2036,-831
-1198,2037,-839
-1185,2039,-853
-1179,2039,-859
-1175,2040,-864
-1169,2040,-871
-1155,2042,-886
-1146,2042,-896
-1139,2043,-903
-1132,2043,-911
-1126,2044,-918
-1116,2045,-928
-1109,2045,-935
-1102,2045,-942
-1096,2046,-950
-1079,2046,-967
-1065,2047,-981
-1053,2047,-994
-1049,2047,-998
-1035,2047,-1012
-1022,2047,-1025
-1018,2047,-1029
-1004,2047,-1043
-994,2047,-1053
-979,2047,-1067
-972,2047,-1074
-948,2046,-1097
-941,2045,-1104
-916,2044,-1127
-909,2043,-1134
-884,2041,-1157
-877,2041,-1164
-844,2038,-1193
-811,2034,-1222
-778,2029,-1250
-745,2024,-1278
-678,2012,-1333
-644,2005,-1360
-542,1981,-1439
-473,1962,-1489
-403,1940,-1537
-332,1916,-1583
-297,1903,-1606
-262,1890,-1627
-226,1876,-1649
-191,1861,-1670
-155,1846,-1690
-136,1837,-1701
-119,1830,-1710
-84,1814,-1730
-72,1808,-1736
-48,1797,-1748
-28,1787,-1758
-12,1779,-1767
6,1770,-1777
23,1761,-1785
34,1756,-1790
58,1743,-1802
70,1737,-1807
94,1724,-1819
97,1722,-1820
130,1704,-1835
133,1703,-1836
165,1684,-1850
152,1692,-1845
193,1668,-1862
201,1664,-1865
204,1662,-1867
237,1643,-1880
224,1650,-1875
272,1621,-1894
225,1650,-1875
291,1609,-1901
307,1599,-1907
311,1597,-1908
335,1582,-1917
343,1576,-1920
346,1574,-1921
378,1553,-1932
301,1603,-1904
405,1535,-1941
413,1530,-1943
416,1528,-1944
448,1506,-1954
387,1547,-1935
451,1504,-1955
483,1481,-1965
470,1490,-1961
494,1474,-1968
517,1456,-1974
505,1466,-1971
544,1437,-1982
552,1431,-1984
555,1429,-1984
578,1411,-1990
586,1405,-1992
589,1403,-1993
605,1391,-1997
620,1379,-2000
616,1383,-1999
647,1359,-2006
654,1353,-2007
642,1362,-2005
657,1350,-2008
681,1332,-2013
688,1325,-2014
691,1323,-2015
706,1311,-2018
722,1298,-2020
709,1308,-2018
732,1289,-2022
748,1277,-2025
755,1270,-2026
758,1268,-2026
766,1261,-2027
781,1248,-2030
788,1242,-2031
791,1239,-2031
799,1233,-2032
821,1213,-2035
824,1211,-2035
819,1215,-2035
839,1198,-2037
854,1184,-2039
857,1182,-2039
864,1175,-2040
871,1168,-2040
879,1162,-2041
886,1155,-2042
889,1152,-2042
904,1139,-2043
911,1132,-2044
918,1125,-2044
921,1123,-2044
928,1116,-2045
943,1102,-2045
950,1095,-2046
953,1093,-2046
967,1079,-2046
974,1072,-2047
981,1065,-2047
984,1062,-2047
991,1055,-2047
1006,1041,-2047
1013,1034,-2047
1015,1032,-2047
1023,1024,-2047
1030,1017,-2047
1037,1010,-2047
1044,1003,-2047
1053,993,-2047
1060,986,-2047
1067,979,-2047
1074,972,-2047
1087,959,-2046
1084,962,-2046
1098,948,-2046
1104,940,-2045
1117,927,-2045
1121,923,-2044
1128,916,-2044
1134,908,-2043
1144,898,-2043
1151,891,-2042
1157,884,-2041
1164,876,-2041
1173,866,-2040
1180,859,-2039
1187,851,-2038
1193,844,-2038
1202,833,-2036
1216,819,-2035
1222,811,-2034
1234,798,-2032
1238,793,-2031
1244,786,-2030
1251,778,-2029
1260,768,-2028
1266,760,-2027
1272,753,-2025
1279,745,-2024
1294,727,-2021
1300,719,-2020
1306,712,-2018
1321,693,-2015
1328,686,-2014
1334,678,-2012
1348,660,-2009
1355,652,-2007
1361,644,-2005
1375,626,-2001
1387,610,-1998
1401,591,-1993
1407,584,-1992
1413,576,-1990
1433,549,-1983
1439,541,-1981
1453,523,-1976
1464,507,-1972
1483,480,-1964
1489,472,-1962
1508,445,-1953
1513,437,-1951
1537,402,-1940
1555,375,-1931
1560,367,-1928
1583,332,-1916
1601,305,-1906
1606,297,-1903
1628,261,-1889
1649,226,-1875
1670,190,-1861
1686,163,-1849
1690,155,-1846
1710,119,-1830
1730,83,-1814
1749,48,-1797
1767,12,-1779
1785,-23,-1761
1781,-15,-1765
1802,-59,-1743
1819,-94,-1724
1828,-114,-1713
1835,-130,-1704
1843,-150,-1693
1850,-166,-1684
1859,-185,-1673
1865,-201,-1664
1873,-221,-1652
1880,-237,-1642
1884,-248,-1636
1891,-264,-1626
1894,-272,-1621
1901,-292,-1609
1907,-308,-1599
1911,-319,-1592
1914,-327,-1587
1920,-343,-1576
1924,-354,-1569
1929,-370,-1558
1932,-378,-1553
1936,-389,-1546
1941,-405,-1535
1943,-413,-1530
1947,-424,-1522
1949,-432,-1517
1954,-448,-1506
1956,-454,-1501
1960,-467,-1492
1962,-475,-1487
1965,-483,-1481
1968,-494,-1473
1970,-502,-1468
1972,-510,-1462
1975,-518,-1456
1977,-529,-1448
1980,-537,-1443
1982,-544,-1437
1984,-552,-1431
1986,-563,-1423
1990,-579,-1411
1992,-587,-1405
1993,-590,-1403
1997,-605,-1391
1998,-613,-1385
1999,-616,-1383
2000,-621,-1379
2001,-624,-1377
2006,-647,-1358
2007,-650,-1356
2008,-655,-1352
2010,-665,-1344
2011,-673,-1338
2013,-681,-1331
2014,-689,-1325
2016,-699,-1317
2018,-707,-1310
2019,-714,-1304
2020,-722,-1298
2022,-733,-1289
2023,-740,-1283
2025,-748,-1276
2026,-755,-1270
2026,-758,-1267
2029,-773,-1255
2030,-781,-1248
2030,-784,-1246
2031,-789,-1242
2032,-799,-1233
2033,-806,-1226
2034,-814,-1220
2035,-821,-1213
2036,-832,-1204
2037,-839,-1197
2038,-847,-1191
2039,-857,-1182
2039,-854,-1184
2040,-872,-1168
2041,-879,-1161
2042,-889,-1152
2042,-886,-1155
2043,-904,-1139
2044,-911,-1132
2044,-921,-1122
2044,-918,-1125
2045,-936,-1109
2045,-943,-1102
2046,-953,-1092
2046,-950,-1095
2046,-967,-1079
2047,-975,-1072
2047,-992,-1055
2047,-982,-1065
2047,-999,-1048
2047,-1006,-1041
2047,-1023,-1024
2047,-1013,-1034
2047,-1047,-1000
2047,-1037,-1010
2047,-1044,-1003
2047,-1061,-986
2047,-1068,-979
2047,-1075,-972
2045,-1107,-937
2046,-1098,-947
2045,-1105,-940
2044,-1128,-915
2040,-1167,-873
2043,-1135,-908
2040,-1174,-866
2041,-1164,-876
2038,-1187,-851
2038,-1194,-844
2035,-1216,-818
2034,-1222,-811
2029,-1251,-778
2025,-1273,-752
2024,-1279,-745
2018,-1307,-711
2012,-1334,-678
2007,-1355,-652
2005,-1361,-644
1990,-1413,-576
1981,-1439,-541
1971,-1464,-507
1961,-1489,-472
1951,-1513,-437
1928,-1561,-367
1916,-1584,-332
1903,-1606,-296
1889,-1628,-261
1875,-1649,-225
1861,-1670,-190
1845,-1691,-154
1830,-1711,-119
1813,-1730,-83
1800,-1745,-55
1796,-1749,-47
1779,-1767,-11
1761,-1785,23
1769,-1777,7
1743,-1802,59
1724,-1819,95
1704,-1835,130
1708,-1831,122
1684,-1851,166
1663,-1866,202
1668,-1862,194
1642,-1880,237
1652,-1874,221
1621,-1894,273
1599,-1907,308
1609,-1901,292
1576,-1920,343
1558,-1929,371
1553,-1932,379
1529,-1944,414
1546,-1936,390
1505,-1955,449
1522,-1947,425
1481,-1965,483
1456,-1975,518
1467,-1970,502
1431,-1984,553
1448,-1978,529
1405,-1992,587
1434,-1983,548
1385,-1998,613
1379,-2000,621
1358,-2006,647
1352,-2008,655
1394,-1996,601
1325,-2014,689
1368,-2003,635
1316,-2016,699
1298,-2020,722
1347,-2009,661
1282,-2023,741
1276,-2025,748
1270,-2026,756
1261,-2028,766
1248,-2030,781
1241,-2031,789
1239,-2031,792
1226,-2033,807
1213,-2035,822
1210,-2035,825
1204,-2036,832
1190,-2038,847
1184,-2039,854
1181,-2039,857
1175,-2040,865
1161,-2041,879
1154,-2042,887
1145,-2042,897
960,-2046,1086
1132,-2044,911
1125,-2044,919
1122,-2044,922
1115,-2045,929
1102,-2045,943
1106,-2045,939
1095,-2046,951
1085,-2046,961
1078,-2047,968
1071,-2047,975
1064,-2047,982
1062,-2047,985
1055,-2047,992
1048,-2047,999
1041,-2047,1006
1034,-2047,1013
1035,-2047,1012
1024,-2047,1023
1017,-2047,1030
1003,-2047,1044
1000,-2047,1047
993,-2047,1054
986,-2047,1061
978,-2047,1068
971,-2047,1075
966,-2046,1080
961,-2046,1084
954,-2046,1091
947,-2046,1098
940,-2045,1105
930,-2045,1115
927,-2045,1117
922,-2044,1121
915,-2044,1128
908,-2043,1135
898,-2043,1144
887,-2042,1154
883,-2041,1158
880,-2041,1160
876,-2041,1165
865,-2040,1174
858,-2039,1181
851,-2038,1187
840,-2037,1196
843,-2037,1194
833,-2036,1203
825,-2035,1210
818,-2035,1216
810,-2034,1223
800,-2032,1232
790,-2031,1241
785,-2030,1245
778,-2029,1251
767,-2028,1260
757,-2026,1269
752,-2025,1273
744,-2024,1279
731,-2022,1291
734,-2022,1288
726,-2021,1294
719,-2020,1301
711,-2018,1307
700,-2016,1316
693,-2015,1322
685,-2014,1328
677,-2012,1334
667,-2010,1343
651,-2007,1355
643,-2005,1361
633,-2003,1370
617,-1999,1382
609,-1998,1388
599,-1995,1396
591,-1993,1402
583,-1991,1408
575,-1989,1414
557,-1985,1428
549,-1983,1434
541,-1981,1439
514,-1974,1459
506,-1971,1465
487,-1966,1478
472,-1961,1489
461,-1958,1497
437,-1951,1514
426,-1947,1521
402,-1940,1537
383,-1933,1550
367,-1928,1561
339,-1918,1579
331,-1916,1584
296,-1903,1606
261,-1889,1628
225,-1875,1650
190,-1860,1670
154,-1845,1691
118,-1830,1711
83,-1813,1730
47,-1796,1749
11,-1779,1767
-24,-1761,1785
-59,-1742,1802
-95,-1723,1819
-123,-1708,1832
-131,-1704,1835
-166,-1684,1851
-202,-1663,1866
-230,-1647,1877
-238,-1642,1880
-265,-1625,1891
-273,-1620,1894
-300,-1603,1904
-308,-1598,1907
-328,-1586,1914
-344,-1576,1920
-355,-1569,1924
-371,-1558,1929
-379,-1553,1932
-406,-1535,1941
-414,-1529,1944
-433,-1516,1950
-441,-1511,1952
-449,-1505,1955
-460,-1497,1958
-476,-1486,1963
-484,-1481,1965
-495,-1473,1968
-511,-1461,1973
-518,-1456,1975
-529,-1448,1978
-545,-1436,1982
-553,-1430,1984
-564,-1422,1987
-572,-1416,1989
-587,-1405,1992
-590,-1402,1993
-598,-1396,1995
-614,-1384,1999
-621,-1378,2000
-624,-1376,2001
-640,-1364,2004
-648,-1358,2006
-655,-1352,2008
-666,-1343,2010
-674,-1337,2011
-689,-1325,2014
-692,-1322,2015
-700,-1316,2016
-707,-1310,2018
-723,-1297,2020
-726,-1295,2021
-733,-1288,2022
-748,-1276,2025
-751,-1273,2025
-756,-1269,2026
-767,-1260,2028
-782,-1248,2030
-785,-1245,2030
-789,-1241,2031
-800,-1232,2032
-815,-1219,2034
-817,-1217,2034
-822,-1213,2035
-832,-1203,2036
-840,-1197,2037
-847,-1190,2038
-855,-1184,2039
-865,-1174,2040
-880,-1161,2041
-882,-1158,2041
-887,-1154,2042
-890,-1152,2042
-904,-1138,2043
-912,-1131,2044
-919,-1124,2044
-922,-1122,2044
-929,-1115,2045
-944,-1101,2045
-951,-1094,2046
-954,-1092,2046
-968,-1078,2047
-975,-1071,2047
-982,-1064,2047
-985,-1061,2047
-999,-1047,2047
-1007,-1040,2047
-1014,-1033,2047
-1016,-1031,2047
-1030,-1017,2047
-1037,-1009,2047
-1044,-1002,2047
-1047,-1000,2047
-1054,-992,2047
-1068,-978,2047
-1075,-971,2047
-1083,-963,2046
-1098,-947,2046
-1105,-939,2045
-1108,-937,2045
-1128,-915,2044
-1131,-912,2044
-1135,-908,2043
-1145,-897,2043
-1158,-883,2041
-1165,-875,2041
-1174,-865,2040
-1187,-850,2038
-1194,-843,2037
-1210,-825,2035
-1223,-810,2034
-1232,-800,2032
-1245,-785,2030
-1251,-777,2029
-1260,-767,2028
-1279,-744,2024
-1288,-733,2022
-1301,-718,2020
-1307,-711,2018
-1335,-677,2012
-1349,-659,2008
-1361,-643,2005
-1382,-617,1999
-1388,-609,1998
-1414,-575,1989
-1440,-541,1981
-1465,-506,1971
-1490,-471,1961
-1514,-436,1951
-1538,-401,1940
-1561,-366,1928
-1584,-331,1915
-1628,-260,1889
-1650,-225,1875
-1671,-189,1860
-1691,-154,1845
-1711,-118,1829
-1730,-82,1813
-1749,-46,1796
-1767,-11,1779
-1785,24,1761
-1802,60,1742
-1815,87,1728
-1819,95,1723
-1835,131,1704
-1851,167,1684
-1862,194,1668
-1866,202,1663
-1880,238,1642
-1885,249,1635
-1894,273,1620
-1904,301,1603
-1907,309,1598
-1917,336,1581
-1920,344,1576
-1930,371,1558
-1932,379,1552
-1941,406,1534
-1944,414,1529
-1952,441,1510
-1955,449,1505
-1960,468,1492
-1963,476,1486
-1965,484,1480
-1973,511,1461
-1975,519,1456
-1980,538,1442
-1982,545,1436
-1984,553,1430
-1991,580,1410
-1993,591,1402
-1992,588,1404
-1999,614,1384
-2000,622,1378
-2003,633,1370
-2006,648,1358
-2008,656,1351
-2010,666,1343
-2011,674,1337
-2013,682,1331
-2014,689,1324
-2018,708,1310
-2019,715,1303
-2021,723,1297
-2022,734,1288
-2024,741,1282
-2025,749,1276
-2026,756,1269
-2028,767,1260
-2030,782,1247
-2030,785,1245
-2031,789,1241
-2032,800,1232
-2033,807,1225
-2034,815,1219
-2035,822,1212
-2036,833,1203
-2037,840,1197
-2038,848,1190
-2039,855,1183
-2040,865,1174
-2040,873,1167
-2041,883,1158
-2041,880,1161
-2042,887,1154
-2043,908,1135
-2043,905,1138
-2044,912,1131
-2044,919,1124
-2045,929,1115
-2045,940,1105
-2045,944,1101
-2046,951,1094
-2046,954,1091
-2046,961,1085
-2047,968,1078
-2047,976,1071
-2047,985,1061
-2047,983,1064
-2047,993,1054
-2047,1000,1047
-2047,1007,1040
-2047,1022,1025
-2047,1014,1033
-2048,1024,1023
-2047,1033,1013
-2047,1031,1016
-2047,1038,1009
-2047,1045,1002
-2047,1055,992
-2047,1064,982
-2047,1068,978
-2047,1078,968
-2047,1075,971
-2046,1090,955
-2046,1085,961
-2046,1099,946
-2045,1108,936
-2045,1106,939
-2045,1115,929
-2044,1122,922
-2044,1129,915
-2043,1136,907
-2042,1148,894
-2042,1145,897
-2042,1152,890
-2041,1158,882
-2041,1165,875
-2039,1177,862
-2040,1174,865
-2038,1188,850
-2037,1197,840
-2037,1194,843
-2036,1204,832
-2034,1218,816
-2034,1217,817
-2034,1223,810
-2032,1232,799
-2031,1239,792
-2030,1245,784
-2029,1252,777
-2029,1254,774
-2028,1261,766
-2026,1267,759
-2024,1280,744
-2021,1296,724
-2022,1289,733
-2020,1301,718
-2018,1307,710
-2016,1316,700
-2014,1325,689
-2013,1329,684
-2012,1335,677
-2010,1343,666
-2007,1356,651
-2005,1362,643
-2003,1370,632
-2001,1376,624
-1997,1388,609
-1995,1396,598
-1991,1408,582
-1989,1414,575
-1987,1422,564
-1983,1434,548
-1981,1440,540
-1978,1448,529
-1971,1465,506
-1968,1473,495
-1961,1490,471
-1958,1498,460
-1951,1514,436
-1947,1522,425
-1939,1538,401
-1930,1556,374
-1928,1561,366
-1915,1584,331
-1902,1607,295
-1892,1624,268
-1889,1628,260
-1875,1650,224
-1860,1671,189
-1845,1691,153
-1829,1711,118
-1813,1730,82
-1796,1749,46
-1779,1768,10
-1761,1785,-24
-1742,1803,-60
-1727,1816,-88
-1723,1819,-96
-1703,1835,-131
-1688,1847,-159
-1683,1851,-167
-1667,1863,-195
-1663,1866,-203
-1651,1874,-222
-1642,1880,-238
-1630,1888,-258
-1625,1891,-266
-1620,1894,-274
-1608,1902,-293
-1603,1905,-301
-1598,1908,-309
-1586,1915,-328
-1575,1920,-344
-1573,1921,-348
-1563,1927,-364
-1558,1930,-372
-1552,1932,-380
-1545,1936,-391
-1534,1941,-407
-1529,1944,-415
-1521,1947,-426
-1516,1950,-434
-1505,1955,-450
-1503,1956,-453
-1497,1958,-461
-1486,1963,-477
-1484,1964,-480
-1480,1965,-484
-1467,1971,-503
-1461,1973,-511
-1455,1975,-519
-1447,1978,-530
-1442,1980,-538
-1436,1982,-546
-1430,1984,-554
-1422,1987,-564
-1414,1989,-575
-1410,1991,-580
-1404,1993,-588
-1396,1995,-599
-1394,1996,-602
-1384,1999,-614
-1378,2000,-622
-1376,2001,-625
-1370,2003,-633
-1357,2006,-648
-1355,2007,-651
-1351,2008,-656
-1343,2010,-667
-1337,2012,-674
-1324,2014,-690
-1326,2014,-688
-1316,2016,-700
-1309,2018,-708
-1303,2019,-716
-1297,2021,-723
-1288,2022,-734
-1285,2023,-737
-1275,2025,-749
-1269,2026,-757
-1260,2028,-767
-1257,2028,-770
-1247,2030,-782
-1241,2031,-790
-1238,2031,-793
-1232,2032,-800
-1225,2033,-808
-1219,2034,-815
-1212,2035,-823
-1203,2036,-833
-1196,2037,-840
-1190,2038,-848
-1183,2039,-855
-1174,2040,-866
-1167,2040,-873
-1154,2042,-888
-1144,2043,-898
-1135,2043,-908
-1131,2044,-912
-1124,2044,-920
-1114,2045,-930
-1101,2046,-944
-1094,2046,-951
-1084,2046,-961
-1077,2047,-969
-1070,2047,-976
-1063,2047,-983
-1047,2047,-1000
-1040,2047,-1007
-1033,2047,-1014
-1016,2047,-1031
-1002,2047,-1045
-992,2047,-1055
-978,2047,-1069
-970,2047,-1076
-946,2046,-1099
-939,2045,-1106
-914,2044,-1129
-907,2043,-1136
-882,2041,-1159
-875,2041,-1165
-842,2037,-1195
-817,2034,-1217
-810,2034,-1223
-743,2024,-1280
-710,2018,-1308
-643,2005,-1362
-574,1989,-1414
-505,1971,-1465
-436,1951,-1514
-366,1928,-1562
-330,1915,-1584
-295,1902,-1607
-260,1889,-1629
-224,1875,-1650
-189,1860,-1671
-153,1845,-1691
-134,1836,-1702
-117,1829,-1711
-82,1813,-1731
-78,1811,-1732
-46,1796,-1750
-35,1790,-1755
-10,1778,-1768
0,1773,-1773
25,1760,-1786
36,1755,-1791
60,1742,-1803
72,1736,-1808
96,1723,-1819
91,1726,-1817
132,1703,-1836
119,1710,-1830
143,1697,-1841
167,1683,-1851
171,1681,-1852
203,1663,-1866
206,1661,-1867
231,1646,-1877
239,1641,-1881
250,1635,-1885
266,1625,-1891
274,1620,-1894
293,1608,-1902
309,1598,-1908
305,1601,-1906
345,1575,-1920
316,1594,-1910
356,1568,-1924
380,1552,-1932
375,1555,-1931
407,1534,-1941
415,1528,-1944
418,1526,-1945
442,1510,-1952
450,1504,-1955
445,1508,-1953
477,1486,-1963
485,1480,-1965
480,1483,-1964
504,1466,-1971
519,1455,-1975
515,1459,-1974
530,1447,-1978
554,1430,-1984
549,1433,-1983
580,1410,-1991
588,1404,-1993
583,1407,-1991
599,1396,-1995
615,1384,-1999
622,1378,-2001
625,1375,-2001
641,1363,-2005
649,1357,-2006
656,1351,-2008
667,1342,-2010
682,1330,-2013
690,1324,-2015
685,1328,-2014
708,1309,-2018
724,1296,-2021
711,1307,-2018
727,1294,-2021
742,1281,-2024
757,1269,-2026
752,1272,-2025
760,1266,-2027
775,1253,-2029
783,1247,-2030
790,1240,-2031
801,1231,-2032
815,1218,-2034
823,1212,-2035
818,1216,-2035
833,1203,-2036
841,1196,-2037
848,1189,-2038
856,1183,-2039
858,1180,-2039
866,1173,-2040
881,1160,-2041
888,1153,-2042
886,1155,-2042
898,1144,-2043
905,1137,-2043
920,1124,-2044
916,1128,-2044
930,1114,-2045
937,1107,-2045
945,1100,-2046
952,1094,-2046
950,1095,-2046
962,1084,-2046
976,1070,-2047
983,1063,-2047
979,1067,-2047
986,1060,-2047
1000,1047,-2047
1007,1040,-2047
1014,1032,-2047
1017,1030,-2047
1024,1023,-2047
1031,1016,-2047
1045,1001,-2047
1041,1006,-2047
1055,992,-2047
1061,986,-2047
1062,984,-2047
1076,970,-2047
1079,967,-2046
1086,960,-2046
1092,953,-2046
1099,946,-2046
1106,939,-2045
1116,928,-2045
1123,921,-2044
1129,914,-2044
1136,907,-2043
1146,896,-2042
1151,891,-2042
1152,889,-2042
1166,874,-2041
1168,872,-2040
1175,864,-2040
1182,857,-2039
1195,842,-2037
1207,829,-2036
1204,832,-2036
1211,824,-2035
1217,817,-2034
1224,809,-2033
1233,799,-2032
1239,791,-2031
1252,776,-2029
1261,766,-2027
1268,758,-2026
1274,751,-2025
1280,743,-2024
1289,733,-2022
1295,725,-2021
1308,710,-2018
1317,699,-2016
1323,691,-2015
1329,684,-2013
1335,676,-2012
1350,658,-2008
1356,650,-2007
1362,642,-2005
1377,624,-2001
1383,616,-1999
1389,608,-1997
1409,582,-1991
1415,574,-1989
1429,555,-1984
1440,540,-1980
1454,521,-1975
1460,513,-1973
1466,505,-1971
1485,478,-1963
1490,470,-1961
1509,443,-1953
1515,435,-1950
1538,400,-1939
1556,373,-1930
1562,365,-1927
1585,330,-1915
1602,303,-1905
1607,295,-1902
1629,259,-1889
1650,224,-1875
1671,188,-1860
1692,153,-1845
1711,117,-1829
1731,81,-1813
1750,45,-1796
1764,18,-1782
1768,10,-1778
1786,-25,-1760
1803,-61,-1742
1820,-96,-1723
1828,-116,-1712
1836,-132,-1703
1848,-160,-1688
1851,-168,-1683
1863,-195,-1667
1866,-203,-1662
1877,-231,-1646
1881,-239,-1641
1891,-266,-1625
1895,-274,-1620
1899,-286,-1613
1905,-302,-1603
1908,-310,-1597
1915,-329,-1585
1920,-345,-1575
1922,-348,-1573
1930,-372,-1557
1933,-380,-1552
1936,-391,-1544
1939,-399,-1539
1942,-407,-1534
1944,-415,-1528
1950,-434,-1515
1955,-450,-1504
1956,-453,-1502
1961,-469,-1491
1963,-477,-1485
1965,-485,-1480
1968,-496,-1472
1971,-504,-1466
1973,-512,-1461
1975,-520,-1455
1978,-531,-1447
1980,-539,-1441
1982,-546,-1435
1984,-554,-1429
1989,-573,-1415
1991,-581,-1410
1993,-589,-1404
1995,-599,-1395
1997,-607,-1389
1999,-615,-1383
2001,-623,-1377
2003,-633,-1369
2005,-641,-1363
2006,-649,-1357
2008,-657,-1351
2010,-667,-1342
2012,-675,-1336
2013,-683,-1330
2015,-690,-1324
2017,-701,-1315
2018,-709,-1309
2019,-712,-1306
2019,-716,-1302
2021,-724,-1296
2024,-742,-1281
2024,-745,-1279
2025,-750,-1275
2026,-757,-1268
2029,-775,-1253
2029,-778,-1250
2030,-783,-1247
2031,-790,-1240
2038,-850,-1188
2033,-808,-1225
2034,-816,-1218
2035,-823,-1211
2037,-1199,-838
2037,-841,-1196
2038,-848,-1189
2040,-866,-1173
2039,-856,-1182
2041,-874,-1166
2041,-881,-1160
2042,-891,-1150
2042,-888,-1153
2044,-916,-1128
2044,-913,-1130
2044,-920,-1123
2045,-940,-1104
2045,-938,-1107
2046,-945,-1100
2046,-952,-1093
2047,-969,-1077
2047,-996,-1051
2047,-976,-1070
2047,-984,-1063
2047,-1001,-1046
2047,-1008,-1039
2047,-1025,-1022
2047,-1015,-1032
2047,-1039,-1008
2047,-1055,-991
2047,-1046,-1001
2047,-1069,-977
2046,-1086,-960
2047,-1076,-970
2046,-1100,-945
2045,-1116,-928
2045,-1106,-938
2044,-1130,-914
2042,-1153,-889
2043,-1136,-906
2037,-1198,-839
2041,-1166,-874
2033,-1227,-806
2037,-1195,-842
2034,-1217,-816
2033,-1224,-809
2029,-1252,-776
2025,-1274,-750
2024,-1281,-743
2018,-1308,-709
2008,-1350,-657
2012,-1336,-676
2005,-1362,-642
1997,-1389,-608
1989,-1415,-574
1971,-1466,-505
1961,-1490,-470
1950,-1515,-435
1939,-1539,-400
1927,-1562,-365
1915,-1585,-330
1902,-1607,-294
1889,-1629,-259
1874,-1651,-223
1860,-1671,-188
1845,-1692,-152
1829,-1712,-117
1816,-1727,-89
1812,-1731,-81
1795,-1750,-45
1778,-1768,-9
1764,-1782,17
1760,-1786,25
1742,-1803,61
1722,-1820,97
1736,-1808,72
1703,-1836,133
1683,-1851,168
1687,-1848,160
1662,-1866,204
1681,-1853,171
1641,-1881,239
1665,-1864,199
1619,-1895,275
1597,-1908,310
1612,-1899,286
1575,-1921,345
1557,-1930,373
1552,-1933,381
1528,-1944,416
1539,-1939,400
1504,-1955,451
1526,-1945,419
1480,-1965,485
1460,-1973,512
1455,-1975,520
1435,-1982,547
1429,-1984,555
1464,-1972,507
1403,-1993,589
1439,-1981,542
1377,-2001,623
1413,-1990,576
1357,-2006,649
1350,-2008,657
1399,-1994,595
1330,-2013,683
1323,-2015,691
1315,-2017,701
1302,-2019,717
1296,-2021,724
1300,-2020,720
1274,-2025,750
1268,-2026,758
1272,-2025,753
1253,-2029,776
1246,-2030,783
1240,-2031,791
1231,-2032,801
1218,-2034,816
1211,-2035,824
1222,-2034,812
1202,-2036,834
1189,-2038,849
1182,-2039,856
1180,-2039,859
1173,-2040,866
1160,-2041,881
1164,-2041,877
1153,-2042,889
1143,-2043,899
1137,-2043,906
1130,-2044,913
1123,-2044,921
1114,-2045,931
1107,-2045,938
1100,-2046,945
1093,-2046,952
1090,-2046,955
1083,-2046,962
1077,-2047,970
1070,-2047,977
1063,-2047,984
1060,-2047,987
1053,-2047,994
1039,-2047,1008
1043,-2047,1004
1032,-2047,1015
1022,-2047,1025
1026,-2047,1021
1015,-2047,1032
1008,-2047,1039
1001,-2047,1046
991,-2047,1056
984,-2047,1063
977,-2047,1070
974,-2047,1072
970,-2047,1077
960,-2046,1086
976,-2047,1071
952,-2046,1093
945,-2046,1100
938,-2045,1107
935,-2045,1109
928,-2045,1116
921,-2044,1123
913,-2044,1130
906,-2043,1137
896,-2042,1146
893,-2042,1149
889,-2042,1153
881,-2041,1160
874,-2041,1166
864,-2040,1176
861,-2039,1178
849,-2038,1189
846,-2038,1191
841,-2037,1195
831,-2036,1205
824,-2035,1211
821,-2035,1214
816,-2034,1218
809,-2033,1224
798,-2032,1233
791,-2031,1240
783,-2030,1246
776,-2029,1253
773,-2028,1255
765,-2027,1262
758,-2026,1268
750,-2025,1274
742,-2024,1281
732,-2022,1290
724,-2021,1296
717,-2019,1302
709,-2018,1309
698,-2016,1317
691,-2015,1323
683,-2013,1330
672,-2011,1338
675,-2012,1336
657,-2008,1350
649,-2006,1357
642,-2005,1363
623,-2001,1377
615,-1999,1383
607,-1997,1389
597,-1995,1397
589,-1993,1403
581,-1991,1409
573,-1989,1415
555,-1984,1429
539,-1980,1441
528,-1977,1449
520,-1975,1455
504,-1971,1466
485,-1965,1480
477,-1963,1485
470,-1961,1491
443,-1953,1510
435,-1950,1515
400,-1939,1539
373,-1930,1557
365,-1927,1562
337,-1918,1580
329,-1915,1585
294,-1902,1607
259,-1888,1629
223,-1874,1651
188,-1860,1672
116,-1829,1712
81,-1812,1731
45,-1795,1750
9,-1778,1768
-26,-1760,1786
-61,-1741,1803
-97,-1722,1820
-133,-1703,1836
-169,-1683,1852
-196,-1667,1863
-204,-1662,1867
-240,-1641,1881
-267,-1624,1892
-275,-1619,1895
-302,-1602,1905
-310,-1597,1908
-338,-1580,1918
-346,-1574,1921
-373,-1557,1930
-381,-1551,1933
-400,-1539,1939
-416,-1528,1944
-427,-1520,1948
-443,-1509,1953
-451,-1504,1955
-470,-1490,1961
-486,-1479,1966
-497,-1471,1969
-505,-1466,1971
-513,-1460,1973
-520,-1454,1975
-539,-1441,1980
-547,-1435,1982
-555,-1429,1984
-574,-1415,1989
-581,-1409,1991
-589,-1403,1993
-600,-1395,1995
-616,-1383,1999
-623,-1377,2001
-634,-1368,2003
-642,-1362,2005
-657,-1350,2008
-668,-1342,2010
-676,-1336,2012
-683,-1329,2013
-691,-1323,2015
-702,-1314,2017
-709,-1308,2018
-717,-1302,2019
-725,-1296,2021
-743,-1281,2024
-750,-1274,2025
-758,-1268,2026
-768,-1259,2028
-776,-1252,2029
-784,-1246,2030
-791,-1240,2031
-801,-1231,2032
-809,-1224,2033
-816,-1217,2034
-824,-1211,2035
-834,-1202,2036
-842,-1195,2037
-849,-1189,2038
-856,-1182,2039
-867,-1173,2040
-881,-1159,2041
-884,-1157,2041
-889,-1153,2042
-899,-1143,2043
-906,-1136,2043
-914,-1130,2044
-921,-1123,2044
-931,-1113,2045
-945,-1100,2046
-953,-1093,2046
-955,-1090,2046
-963,-1083,2046
-977,-1069,2047
-984,-1062,2047
-994,-1053,2047
-1008,-1039,2047
-1011,-1036,2047
-1015,-1032,2047
-1025,-1022,2047
-1039,-1008,2047
-1046,-1001,2047
-1056,-991,2047
-1063,-984,2047
-1070,-976,2047
-1077,-969,2047
-1086,-959,2046
-1100,-945,2046
-1107,-938,2045
-1117,-928,2045
-1130,-913,2044
-1137,-906,2043
-1146,-896,2042
-1160,-881,2041
-1167,-873,2041
-1176,-863,2040
-1189,-848,2038
-1196,-841,2037
-1205,-831,2036
-1218,-816,2034
-1225,-808,2033
-1247,-783,2030
-1253,-775,2029
-1268,-757,2026
-1281,-742,2024
-1302,-716,2019
-1309,-709,2018
-1324,-690,2015
-1336,-675,2012
-1357,-649,2006
-1363,-641,2005
-1389,-607,1997
-1410,-581,1991
-1415,-573,1989
-1441,-539,1980
-1466,-504,1971
-1491,-469,1961
-1515,-434,1950
-1539,-399,1939
-1562,-364,1927
-1585,-329,1915
-1608,-294,1902
-1630,-258,1888
-1672,-187,1860
-1692,-152,1844
-1712,-116,1828
-1731,-80,1812
-1750,-44,1795
-1764,-17,1782
-1768,-9,1778
-1786,26,1760
-1803,62,1741
-1820,98,1722
-1833,125,1707
-1836,133,1702
-1848,161,1687
-1852,169,1682
-1867,204,1662
-1878,232,1645
-1881,240,1641
-1892,267,1624
-1895,275,1619
-1905,303,1602
-1908,311,1597
-1921,346,1574
-1927,365,1562
-1930,373,1556
-1933,381,1551
-1942,408,1533
-1944,416,1528
-1953,443,1509
-1955,451,1504
-1961,470,1490
-1966,486,1479
-1969,497,1471
-1973,513,1460
-1975,521,1454
-1978,532,1446
-1982,547,1435
-1984,555,1429
-1989,574,1415
-1991,582,1409
-1993,590,1403
-1997,608,1389
-1999,616,1383
-2001,624,1377
-2005,642,1362
-2007,650,1356
-2008,658,1350
-2010,668,1341
-2012,676,1335
-2015,691,1323
-2017,702,1314
-2018,710,1308
-2020,717,1302
-2021,725,1295
-2023,736,1287
-2024,743,1280
-2025,751,1274
-2026,758,1268
-2028,769,1259
-2029,776,1252
-2030,784,1246
-2031,791,1239
-2033,802,1230
-2033,809,1224
-2034,817,1217
-2035,824,1211
-2037,835,1201
-2037,842,1195
-2038,849,1188
-2039,857,1182
-2040,867,1172
-2041,877,1163
-2041,882,1159
-2041,885,1156
-2042,889,1152
-2043,899,1143
-2043,909,1133
-2044,914,1129
-2044,921,1123
-2045,931,1113
-2046,947,1098
-2045,939,1106
-2046,946,1099
-2046,953,1092
-2046,963,1083
-2047,979,1068
-2047,970,1076
-2047,977,1069
-2047,987,1059
-2047,984,1062
-2047,994,1052
-2047,1001,1045
-2047,1009,1038
-2047,1018,1029
-2047,1016,1031
-2047,1025,1022
-2047,1033,1014
-2047,1040,1007
-2047,1049,998
-2047,1052,995
-2047,1047,1000
-2047,1066,980
-2047,1070,976
-2046,1080,966
-2047,1077,969
-2046,1087,959
-2046,1096,949
-2046,1100,945
-2045,1110,934
-2045,1107,937
-2045,1117,927
-2044,1126,917
-2044,1130,913
-2043,1133,910
-2043,1137,905
-2042,1147,895
-2042,1153,888
-2041,1160,881
-2040,1169,870
-2040,1167,873
-2038,1190,847
-2038,1189,848
-2038,1192,845
-2037,1196,841
-2036,1205,830
-2035,1212,823
-2034,1218,815
-2033,1227,805
-2033,1225,808
-2031,1240,790
-2031,1243,787
-2030,1247,783
-2029,1253,775
-2027,1262,765
-2026,1269,757
-2025,1275,749
-2024,1281,742
-2021,1296,724
-2019,1303,716
-2018,1309,708
-2016,1318,698
-2015,1324,690
-2013,1330,682
-2012,1336,675
-2008,1351,656
-2006,1357,649
-2005,1363,641
-2002,1372,630
-1999,1384,615
-1997,1390,607
-1993,1404,588
-1991,1410,580
-1989,1416,573
-1984,1430,554
-1980,1441,538
-1975,1455,519
-1971,1466,504
-1965,1480,485
-1961,1491,469
-1955,1504,450
-1950,1515,434
-1941,1534,407
-1939,1539,399
-1927,1563,364
-1915,1585,329
-1908,1598,309
-1888,1630,258
-1874,1651,222
-1863,1667,195
-1844,1692,151
-1828,1712,116
-1812,1732,80
-1795,1750,44
-1778,1769,8
-1760,1786,-26
-1741,1804,-62
-1726,1816,-90
-1722,1820,-98
-1702,1836,-134
-1682,1852,-169
-1671,1860,-189
-1662,1867,-205
-1655,1871,-216
-1640,1881,-240
-1634,1886,-252
-1624,1892,-268
-1619,1895,-276
-1607,1902,-295
-1597,1908,-311
-1590,1912,-322
-1579,1918,-338
-1574,1921,-346
-1561,1928,-366
-1556,1930,-374
-1551,1933,-382
-1544,1937,-393
-1533,1942,-409
-1527,1945,-417
-1520,1948,-428
-1514,1951,-436
-1509,1953,-444
-1503,1955,-452
-1496,1959,-463
-1484,1963,-479
-1479,1966,-486
-1471,1969,-497
-1465,1971,-505
-1454,1975,-521
-1446,1978,-532
-1444,1979,-535
-1434,1983,-548
-1428,1985,-556
-1420,1987,-566
-1414,1989,-574
-1409,1991,-582
-1403,1993,-590
-1394,1996,-601
-1388,1997,-608
-1382,1999,-616
-1376,2001,-624
-1368,2003,-635
-1362,2005,-643
-1356,2007,-650
-1350,2008,-658
-1341,2010,-669
-1335,2012,-676
-1329,2013,-684
-1323,2015,-692
-1314,2017,-702
-1308,2018,-710
-1301,2020,-718
-1295,2021,-725
-1286,2023,-736
-1280,2024,-743
-1274,2025,-751
-1267,2026,-759
-1258,2028,-769
-1252,2029,-777
-1245,2030,-784
-1239,2031,-792
-1230,2033,-802
-1223,2034,-810
-1217,2034,-817
-1210,2035,-825
-1195,2037,-842
-1188,2038,-850
-1181,2039,-857
-1165,2041,-875
-1163,2041,-878
-1152,2042,-889
-1143,2043,-900
-1136,2043,-907
-1129,2044,-914
-1122,2044,-921
-1106,2045,-939
-1099,2046,-946
-1092,2046,-953
-1076,2047,-970
-1069,2047,-978
-1062,2047,-985
-1045,2047,-1002
-1038,2047,-1009
-1031,2047,-1016
-1014,2047,-1033
-1000,2047,-1047
-976,2047,-1070
-969,2047,-1077
-951,2046,-1094
-937,2045,-1108
-920,2044,-1124
-905,2043,-1138
-880,2041,-1160
-873,2040,-1167
-840,2037,-1196
-808,2033,-1225
-775,2029,-1254
-742,2024,-1282
-674,2012,-1337
-572,1989,-1416
-503,1971,-1467
-399,1939,-1539
-364,1927,-1563
-328,1915,-1586
-293,1902,-1608
-258,1888,-1630
-222,1874,-1651
-187,1859,-1672
-151,1844,-1693
-131,1835,-1703
-115,1828,-1712
-80,1812,-1732
-68,1806,-1738
-44,1795,-1751
-24,1785,-1761
-8,1777,-1769
10,1768,-1779
27,1759,-1787
38,1754,-1792
62,1741,-1804
74,1735,-1809
98,1722,-1820
101,1720,-1822
118,1711,-1829
134,1702,-1836
153,1691,-1845
170,1682,-1852
173,1680,-1853
197,1666,-1864
205,1661,-1867
224,1650,-1875
241,1640,-1881
244,1638,-1883
268,1624,-1892
276,1619,-1895
287,1612,-1899
311,1596,-1908
290,1610,-1901
331,1584,-1915
347,1574,-1921
350,1572,-1922
366,1561,-1928
382,1551,-1933
385,1549,-1934
409,1533,-1942
417,1527,-1945
428,1520,-1948
444,1509,-1953
452,1503,-1956
463,1495,-1959
479,1484,-1964
487,1479,-1966
498,1471,-1969
506,1465,-1971
521,1454,-1976
524,1451,-1976
540,1440,-1981
556,1428,-1985
551,1432,-1983
575,1414,-1989
582,1408,-1991
590,1402,-1993
601,1394,-1996
617,1382,-1999
