1168,-2040,872
1181,-2039,857
1184,-2039,855
1190,-2038,847
1197,-2037,840
1203,-2036,832
1213,-2035,822
1219,-2034,814
1226,-2033,807
1232,-2032,799
1239,-2031,792
1241,-2031,789
1248,-2030,782
1252,-2029,777
1254,-2029,774
1261,-2028,766
1269,-2026,756
1276,-2025,748
1280,-2024,744
1282,-2024,741
1289,-2022,733
1297,-2020,723
1301,-2020,718
1304,-2019,715
1310,-2018,707
1316,-2016,700
1325,-2014,689
1329,-2013,684
1331,-2013,681
1337,-2011,674
1343,-2010,666
1349,-2008,658
1352,-2008,655
1358,-2006,648
1364,-2004,640
1370,-2003,632
1376,-2001,624
1378,-2000,621
1384,-1999,614
1390,-1997,606
1396,-1995,598
1405,-1992,587
1408,-1991,582
1411,-1990,579
1417,-1989,572
1422,-1987,564
1428,-1985,556
1430,-1984,553
1436,-1982,545
1442,-1980,537
1454,-1976,521
1456,-1975,518
1462,-1973,510
1467,-1970,503
1473,-1968,495
1479,-1966,487
1481,-1965,484
1486,-1963,476
1492,-1960,468
1503,-1956,452
1505,-1955,449
1511,-1952,441
1516,-1950,433
1529,-1944,414
1533,-1942,409
1535,-1941,406
1545,-1936,390
1553,-1932,379
1558,-1929,371
1563,-1927,363
1569,-1924,355
1576,-1920,344
1581,-1917,336
1591,-1911,320
1598,-1907,308
1603,-1904,300
1609,-1901,292
1619,-1895,276
1620,-1894,273
1630,-1888,257
1642,-1880,238
1647,-1877,229
1652,-1874,221
1663,-1866,202
1668,-1862,194
1679,-1854,174
1684,-1851,166
1688,-1847,158
1699,-1839,139
1708,-1831,123
1719,-1823,103
1723,-1819,95
1738,-1806,67
1742,-1802,59
1757,-1789,32
1761,-1785,24
1775,-1771,-3
1779,-1767,-11
1792,-1753,-39
1800,-1745,-55
1809,-1734,-75
1817,-1726,-91
1826,-1715,-110
1833,-1706,-127
1842,-1695,-146
1849,-1686,-162
1857,-1675,-182
1872,-1654,-217
1875,-1649,-225
1886,-1633,-253
1889,-1628,-261
1900,-1611,-288
1903,-1606,-296
1913,-1589,-323
1916,-1584,-331
1925,-1566,-359
1928,-1561,-367
1937,-1543,-394
1940,-1537,-402
1948,-1519,-429
1951,-1514,-437
1959,-1495,-464
1961,-1489,-472
1966,-1478,-488
1969,-1470,-498
1974,-1459,-514
1979,-1445,-533
1983,-1433,-549
1988,-1420,-568
1991,-1408,-583
1996,-1394,-602
1999,-1382,-617
2004,-1367,-636
2007,-1355,-651
2011,-1340,-670
2014,-1328,-685
2017,-1313,-703
2023,-1285,-737
2025,-1273,-752
2028,-1257,-770
2033,-1229,-803
2037,-1200,-836
2040,-1171,-868
2043,-1142,-901
2045,-1112,-933
2047,-1051,-996
2047,-1020,-1027
2047,-989,-1057
2046,-958,-1088
2046,-950,-1095
2044,-926,-1118
2042,-894,-1148
2042,-887,-1155
2039,-862,-1177
2038,-847,-1191
2036,-829,-1206
2034,-814,-1219
2032,-796,-1235
2031,-789,-1242
2030,-781,-1248
2027,-763,-1263
2026,-756,-1270
2023,-740,-1282
2022,-730,-1291
2019,-715,-1304
2018,-707,-1310
2016,-696,-1319
2014,-689,-1325
2013,-681,-1331
2010,-666,-1344
2009,-663,-1346
2006,-647,-1358
2004,-640,-1364
2002,-629,-1373
2000,-621,-1379
1998,-613,-1385
1997,-605,-1391
1994,-595,-1399
1991,-582,-1409
1990,-579,-1411
1987,-563,-1423
1986,-560,-1425
1982,-545,-1437
1980,-537,-1442
1978,-529,-1448
1977,-526,-1450
1972,-510,-1462
1970,-502,-1467
1967,-491,-1475
1965,-483,-1481
1963,-475,-1487
1960,-467,-1492
1957,-456,-1500
1954,-449,-1505
1952,-441,-1511
1950,-433,-1516
1946,-422,-1524
1942,-409,-1533
1941,-406,-1535
1935,-387,-1548
1932,-379,-1553
1929,-371,-1558
1927,-362,-1564
1923,-351,-1571
1918,-338,-1579
1917,-335,-1581
1910,-316,-1594
1907,-308,-1599
1901,-292,-1609
1897,-281,-1616
1894,-273,-1621
1891,-265,-1626
1883,-245,-1637
1880,-237,-1642
1877,-229,-1647
1869,-210,-1659
1862,-194,-1668
1859,-185,-1673
1854,-174,-1679
1847,-158,-1689
1839,-138,-1700
1835,-130,-1704
1828,-114,-1713
1823,-103,-1719
1815,-87,-1728
1806,-67,-1738
1798,-51,-1747
1789,-31,-1757
1785,-23,-1761
1781,-15,-1765
1771,3,-1775
1763,20,-1783
1753,39,-1793
1744,55,-1800
1734,75,-1810
1726,91,-1817
1715,111,-1826
1710,119,-1830
1701,135,-1837
1695,146,-1842
1686,163,-1849
1675,182,-1857
1670,190,-1861
1665,198,-1864
1654,217,-1872
1649,226,-1875
1640,242,-1882
1633,253,-1886
1623,269,-1893
1611,288,-1900
1606,296,-1903
1601,305,-1906
1589,324,-1913
1583,332,-1916
1578,340,-1919
1566,359,-1925
1561,367,-1928
1550,383,-1934
1543,394,-1937
1532,410,-1942
1519,429,-1948
1513,437,-1951
1508,445,-1953
1495,464,-1959
1489,472,-1962
1470,499,-1969
1464,507,-1971
1445,533,-1979
1439,541,-1981
1419,568,-1988
1413,576,-1990
1393,602,-1996
1381,618,-1999
1367,636,-2004
1340,670,-2011
1285,737,-2023
1229,803,-2033
1081,965,-2046
1051,996,-2047
1020,1027,-2047
1006,1041,-2047
989,1058,-2047
975,1072,-2047
957,1088,-2046
950,1095,-2046
943,1102,-2045
926,1118,-2044
918,1125,-2044
911,1132,-2044
904,1139,-2043
894,1148,-2042
886,1155,-2042
879,1162,-2041
872,1168,-2040
861,1178,-2039
854,1184,-2039
849,1188,-2038
847,1191,-2038
839,1197,-2037
829,1207,-2036
821,1213,-2035
814,1220,-2034
812,1221,-2034
806,1226,-2033
796,1235,-2032
788,1242,-2031
784,1246,-2030
781,1248,-2030
773,1255,-2029
763,1264,-2027
755,1270,-2026
751,1274,-2025
748,1276,-2025
740,1283,-2023
733,1289,-2022
730,1292,-2022
722,1298,-2020
714,1304,-2019
710,1307,-2018
707,1310,-2018
696,1319,-2016
691,1323,-2015
688,1325,-2014
681,1332,-2013
673,1338,-2011
662,1346,-2009
658,1350,-2008
655,1352,-2007
647,1358,-2006
639,1365,-2004
631,1371,-2003
628,1373,-2002
621,1379,-2000
613,1385,-1998
605,1391,-1997
597,1397,-1995
594,1399,-1994
587,1405,-1992
579,1411,-1990
571,1417,-1988
560,1425,-1986
552,1431,-1984
544,1437,-1982
540,1440,-1980
536,1443,-1980
526,1451,-1977
513,1460,-1973
510,1462,-1972
491,1476,-1967
486,1479,-1966
483,1481,-1965
467,1492,-1960
456,1500,-1957
448,1506,-1954
440,1511,-1952
432,1517,-1949
421,1524,-1946
413,1530,-1943
405,1535,-1941
386,1548,-1935
378,1553,-1932
370,1558,-1929
362,1564,-1926
351,1571,-1923
335,1581,-1917
327,1587,-1914
316,1594,-1910
308,1599,-1907
300,1604,-1904
280,1616,-1897
267,1624,-1892
245,1638,-1883
237,1643,-1880
229,1647,-1877
209,1659,-1869
201,1664,-1865
193,1668,-1862
174,1680,-1854
158,1689,-1847
138,1700,-1838
122,1709,-1831
102,1719,-1822
89,1726,-1816
67,1739,-1806
59,1743,-1802
50,1747,-1798
31,1757,-1789
15,1765,-1781
-4,1775,-1771
-20,1783,-1763
-39,1793,-1753
-56,1801,-1744
-75,1810,-1734
-111,1826,-1715
-119,1830,-1710
-127,1834,-1706
-147,1842,-1695
-182,1857,-1675
-190,1861,-1670
-218,1872,-1654
-226,1875,-1649
-253,1886,-1633
-261,1890,-1628
-289,1900,-1611
-297,1903,-1606
-313,1909,-1596
-324,1913,-1588
-359,1925,-1566
-367,1928,-1560
-394,1937,-1542
-402,1940,-1537
-430,1949,-1519
-437,1951,-1513
-453,1956,-1502
-464,1959,-1494
-480,1964,-1483
-499,1969,-1470
-515,1974,-1458
-534,1979,-1445
-542,1981,-1439
-568,1988,-1419
-576,1990,-1413
-584,1992,-1407
-602,1996,-1393
-618,2000,-1381
-636,2004,-1367
-652,2007,-1354
-670,2011,-1340
-678,2012,-1334
-693,2015,-1321
-704,2017,-1313
-738,2023,-1285
-745,2024,-1279
-760,2027,-1266
-771,2028,-1257
-786,2030,-1244
-804,2033,-1229
-819,2035,-1215
-836,2037,-1200
-869,2040,-1171
-901,2043,-1141
-909,2043,-1134
-933,2045,-1111
-965,2046,-1081
-996,2047,-1051
-1027,2047,-1020
-1058,2047,-989
-1089,2046,-957
-1119,2044,-925
-1148,2042,-893
-1178,2039,-861
-1207,2036,-828
-1236,2032,-796
-1242,2031,-788
-1264,2027,-763
-1277,2025,-747
-1292,2022,-729
-1304,2019,-714
-1319,2016,-696
-1326,2014,-688
-1332,2013,-680
-1346,2009,-662
-1359,2006,-647
-1365,2004,-639
-1373,2002,-628
-1385,1998,-613
-1391,1997,-605
-1400,1994,-594
-1409,1991,-581
-1411,1990,-578
-1425,1986,-560
-1431,1984,-552
-1437,1982,-544
-1451,1977,-525
-1457,1974,-517
-1462,1972,-509
-1468,1970,-502
-1476,1967,-491
-1481,1965,-483
-1487,1962,-475
-1493,1960,-467
-1500,1957,-456
-1506,1954,-448
-1511,1952,-440
-1522,1947,-424
-1524,1946,-421
-1530,1943,-413
-1535,1941,-405
-1541,1938,-397
-1548,1934,-386
-1553,1932,-378
-1564,1926,-362
-1569,1924,-354
-1571,1922,-351
-1582,1917,-335
-1587,1914,-327
-1592,1911,-319
-1594,1910,-315
-1604,1904,-299
-1609,1901,-291
-1616,1897,-280
-1621,1894,-272
-1626,1890,-264
-1631,1887,-256
-1638,1883,-245
-1643,1880,-236
-1648,1876,-228
-1657,1870,-212
-1659,1869,-209
-1669,1862,-193
-1673,1858,-185
-1680,1854,-173
-1684,1850,-165
-1689,1847,-157
-1700,1838,-138
-1704,1835,-130
-1709,1831,-122
-1713,1827,-113
-1720,1822,-102
-1728,1815,-86
-1733,1811,-78
-1739,1806,-66
-1743,1802,-58
-1747,1798,-50
-1757,1789,-31
-1761,1785,-23
-1766,1781,-14
-1775,1771,4
-1779,1767,12
-1783,1763,20
-1793,1753,40
-1797,1748,48
-1801,1744,56
-1810,1734,76
-1817,1725,92
-1821,1721,100
-1826,1715,111
-1834,1706,128
-1842,1695,147
-1846,1690,155
-1853,1681,171
-1858,1674,183
-1861,1670,191
-1872,1654,218
-1876,1649,226
-1879,1644,234
-1886,1632,254
-1893,1622,270
-1896,1617,278
-1900,1610,289
-1906,1600,305
-1913,1588,324
-1916,1583,332
-1922,1573,349
-1926,1565,360
-1931,1555,376
-1934,1550,384
-1937,1542,395
-1943,1531,411
-1948,1520,427
-1949,1518,430
-1954,1507,446
-1959,1494,465
-1964,1483,481
-1969,1469,499
-1972,1464,507
-1974,1458,515
-1979,1444,534
-1983,1433,550
-1988,1419,568
-1992,1407,584
-1996,1393,603
-1998,1387,611
-2004,1366,637
-2005,1360,645
-2011,1340,671
-2017,1312,704
-2019,1306,712
-2023,1285,738
-2028,1257,771
-2033,1228,804
-2037,1199,837
-2041,1164,877
-2043,1141,902
-2046,1081,965
-2047,1050,997
-2047,1019,1028
-2047,988,1058
-2047,974,1072
-2046,957,1089
-2045,942,1103
-2044,925,1119
-2043,910,1133
-2042,893,1149
-2041,878,1162
-2040,871,1169
-2039,861,1178
-2038,846,1191
-2037,838,1198
-2036,828,1207
-2035,821,1214
-2034,813,1220
-2033,806,1227
-2032,795,1236
-2030,780,1249
-2028,773,1255
-2027,762,1264
-2026,755,1271
-2025,747,1277
-2023,740,1283
-2022,732,1290
-2022,729,1292
-2020,721,1298
-2019,714,1305
-2018,706,1311
-2016,695,1320
-2014,688,1326
-2013,680,1332
-2011,672,1338
-2010,665,1344
-2009,662,1347
-2007,654,1353
-2006,646,1359
-2004,639,1365
-2002,631,1371
-2002,628,1373
-2000,620,1379
-1998,612,1385
-1996,604,1391
-1994,594,1400
-1992,586,1406
-1991,581,1409
-1990,578,1412
-1988,570,1417
-1985,559,1426
-1983,552,1431
-1981,544,1437
-1979,536,1443
-1976,525,1451
-1975,520,1455
-1974,517,1457
-1972,509,1463
-1970,501,1468
-1967,490,1476
-1965,482,1482
-1962,474,1487
-1960,467,1493
-1957,455,1501
-1954,448,1506
-1953,443,1510
-1952,440,1512
-1949,432,1517
-1946,421,1525
-1942,408,1533
-1941,405,1536
-1938,397,1541
-1934,386,1548
-1929,369,1559
-1926,361,1564
-1923,353,1569
-1922,350,1571
-1917,334,1582
-1914,326,1587
-1910,315,1594
-1907,307,1599
-1901,291,1609
-1897,280,1616
-1893,272,1621
-1890,264,1626
-1883,244,1638
-1880,236,1643
-1876,228,1648
-1868,209,1659
-1865,201,1664
-1862,193,1669
-1854,173,1680
-1847,157,1689
-1838,137,1700
-1834,129,1705
-1831,121,1709
-1822,102,1720
-1815,86,1729
-1805,66,1739
-1798,50,1747
-1788,30,1758
-1780,14,1766
-1771,-4,1776
-1752,-40,1793
-1748,-48,1797
-1734,-76,1810
-1714,-112,1827
-1705,-128,1834
-1695,-147,1842
-1674,-183,1858
-1653,-218,1872
-1649,-227,1876
-1632,-254,1887
-1622,-270,1893
-1610,-289,1900
-1588,-325,1913
-1583,-333,1916
-1565,-360,1926
-1555,-376,1931
-1542,-395,1938
-1537,-403,1940
-1518,-430,1949
-1513,-438,1951
-1494,-465,1959
-1488,-473,1962
-1477,-489,1966
-1469,-500,1970
-1458,-516,1974
-1444,-534,1979
-1438,-542,1981
-1427,-558,1985
-1419,-569,1988
-1407,-584,1992
-1393,-603,1996
-1387,-611,1998
-1375,-626,2001
-1366,-637,2004
-1354,-653,2007
-1339,-671,2011
-1333,-679,2012
-1321,-694,2015
-1312,-705,2017
-1300,-720,2020
-1284,-738,2023
-1278,-746,2024
-1265,-761,2027
-1256,-771,2028
-1228,-804,2033
-1221,-812,2034
-1199,-837,2037
-1193,-845,2038
-1170,-870,2040
-1141,-902,2043
-1111,-934,2045
-1050,-997,2047
-795,-1236,2032
-762,-1264,2027
-747,-1277,2024
-729,-1292,2021
-713,-1305,2019
-695,-1320,2015
-680,-1332,2013
-672,-1338,2011
-661,-1347,2009
-654,-1353,2007
-638,-1365,2004
-627,-1374,2002
-620,-1380,2000
-612,-1386,1998
-604,-1392,1996
-593,-1400,1994
-568,-1419,1988
-578,-1412,1990
-562,-1424,1986
-559,-1426,1985
-551,-1432,1983
-543,-1438,1981
-535,-1443,1979
-525,-1451,1976
-517,-1457,1974
-509,-1463,1972
-501,-1468,1970
-493,-1474,1968
-490,-1476,1967
-482,-1482,1964
-474,-1488,1962
-466,-1493,1960
-458,-1499,1957
-455,-1501,1956
-439,-1512,1952
-431,-1517,1949
-423,-1523,1947
-420,-1525,1946
-412,-1530,1943
-404,-1536,1941
-396,-1541,1938
-385,-1549,1934
-377,-1554,1932
-369,-1559,1929
-361,-1564,1926
-353,-1570,1923
-350,-1572,1922
-342,-1577,1919
-334,-1582,1917
-318,-1592,1911
-315,-1594,1910
-299,-1605,1904
-291,-1610,1901
-279,-1617,1896
-271,-1622,1893
-263,-1626,1890
-255,-1631,1887
-244,-1638,1883
-236,-1643,1879
-228,-1648,1876
-220,-1653,1873
-208,-1659,1868
-192,-1669,1862
-184,-1674,1858
-173,-1680,1853
-157,-1689,1846
-148,-1694,1843
-137,-1700,1838
-129,-1705,1834
-113,-1714,1827
-101,-1720,1822
-85,-1729,1814
-77,-1733,1811
-66,-1739,1805
-49,-1748,1798
-41,-1752,1794
-30,-1758,1788
-14,-1766,1780
5,-1776,1770
13,-1780,1766
29,-1788,1758
41,-1793,1752
49,-1797,1748
73,-1809,1735
76,-1810,1734
93,-1818,1725
112,-1827,1714
120,-1830,1710
136,-1838,1701
148,-1843,1694
164,-1850,1685
180,-1857,1676
183,-1858,1674
208,-1868,1660
219,-1873,1653
227,-1876,1648
254,-1887,1632
262,-1890,1627
271,-1893,1622
290,-1900,1610
298,-1903,1605
306,-1906,1600
325,-1913,1588
333,-1916,1583
341,-1919,1577
360,-1926,1565
376,-1931,1554
384,-1934,1549
395,-1938,1542
411,-1943,1531
419,-1945,1525
431,-1949,1518
446,-1954,1507
462,-1959,1496
465,-1960,1494
481,-1964,1482
500,-1970,1469
516,-1974,1458
524,-1976,1452
535,-1979,1444
543,-1981,1438
569,-1988,1418
577,-1990,1412
593,-1994,1401
603,-1996,1392
619,-2000,1380
637,-2004,1366
653,-2007,1354
671,-2011,1339
679,-2012,1333
705,-2017,1312
738,-2023,1284
746,-2024,1278
772,-2028,1256
805,-2033,1228
837,-2037,1199
870,-2040,1170
902,-2043,1140
966,-2046,1080
997,-2047,1050
1028,-2047,1019
1042,-2047,1005
1059,-2047,988
1073,-2047,973
1089,-2046,956
1110,-2045,934
1119,-2044,924
1133,-2043,910
1149,-2042,892
1156,-2042,885
1169,-2040,870
1179,-2039,860
1185,-2038,853
1199,-2037,838
1208,-2036,828
1214,-2035,820
1221,-2034,813
1227,-2033,805
1234,-2032,798
1236,-2032,795
1249,-2029,780
1256,-2028,772
1262,-2027,765
1265,-2027,762
1271,-2026,754
1277,-2024,746
1284,-2023,739
1293,-2021,728
1299,-2020,721
1305,-2019,713
1311,-2017,705
1315,-2017,701
1320,-2015,695
1326,-2014,687
1330,-2013,682
1333,-2012,679
1342,-2010,667
1347,-2009,661
1353,-2007,653
1357,-2006,649
1359,-2006,646
1369,-2003,633
1372,-2002,630
1374,-2002,627
1380,-2000,619
1386,-1998,612
1392,-1996,604
1398,-1994,596
1400,-1994,593
1406,-1992,585
1412,-1990,577
1418,-1988,570
1424,-1986,562
1426,-1985,559
1432,-1983,551
1438,-1981,543
1444,-1979,535
1447,-1978,530
1452,-1976,524
1457,-1974,516
1463,-1972,508
1469,-1970,501
1472,-1968,496
1474,-1968,493
1477,-1967,490
1488,-1962,474
1491,-1961,469
1493,-1960,466
1501,-1956,455
1507,-1954,447
1512,-1952,439
1518,-1949,431
1521,-1948,426
1525,-1946,420
1532,-1942,410
1536,-1940,404
1541,-1938,396
1547,-1935,388
1549,-1934,385
1554,-1931,377
1565,-1926,361
1570,-1923,353
1572,-1922,350
1577,-1919,342
1582,-1916,334
1587,-1914,326
1595,-1909,314
1600,-1907,306
1608,-1902,293
1610,-1901,290
1617,-1896,279
1622,-1893,271
1632,-1887,255
1637,-1884,247
1638,-1883,244
1648,-1876,227
1653,-1873,219
1660,-1868,208
1669,-1861,192
1674,-1858,184
1678,-1855,176
1680,-1853,172
1694,-1843,148
1700,-1838,137
1705,-1834,129
1714,-1827,112
1720,-1822,101
1729,-1814,85
1739,-1805,65
1744,-1801,57
1758,-1788,30
1762,-1784,22
1766,-1780,13
1776,-1770,-5
1780,-1766,-13
1793,-1752,-41
1797,-1748,-49
1810,-1733,-77
1818,-1725,-93
1827,-1714,-112
1834,-1705,-129
1843,-1694,-148
1858,-1674,-184
1861,-1669,-192
1873,-1653,-219
1876,-1648,-227
1887,-1632,-255
1893,-1622,-271
1900,-1610,-290
1913,-1588,-325
1916,-1582,-333
1926,-1565,-361
1931,-1554,-377
1938,-1541,-396
1949,-1518,-431
1951,-1512,-439
1960,-1493,-466
1962,-1488,-474
1964,-1482,-482
1970,-1469,-500
1979,-1444,-535
1981,-1438,-543
1985,-1426,-559
1988,-1418,-569
1992,-1406,-585
1996,-1392,-604
1998,-1386,-611
2003,-1368,-635
2004,-1366,-638
2009,-1347,-661
2011,-1339,-672
2015,-1320,-695
2017,-1312,-705
2019,-1305,-713
2023,-1284,-739
2024,-1278,-746
2027,-1265,-762
2028,-1256,-772
2032,-1236,-795
2033,-1227,-805
2035,-1214,-820
2037,-1199,-838
2038,-1185,-853
2040,-1169,-870
2043,-1140,-902
2043,-1133,-910
2045,-1110,-934
2046,-1080,-966
2047,-1049,-997
2047,-1019,-1028
2047,-987,-1059
2046,-956,-1090
2044,-924,-1120
2042,-892,-1150
2039,-860,-1179
2038,-845,-1192
2036,-827,-1208
2032,-794,-1237
2030,-787,-1243
2027,-761,-1265
2026,-754,-1271
2021,-728,-1293
2020,-720,-1299
2019,-713,-1305
2016,-697,-1318
2015,-694,-1320
2012,-679,-1333
2009,-664,-1345
2009,-661,-1348
2006,-645,-1360
2003,-633,-1370
2002,-627,-1374
2000,-619,-1380
1996,-604,-1392
1994,-596,-1398
1994,-593,-1400
1990,-577,-1412
1988,-569,-1418
1985,-558,-1426
1983,-551,-1432
1981,-543,-1438
1979,-535,-1444
1976,-524,-1452
1974,-516,-1458
1972,-508,-1463
1970,-500,-1469
1967,-489,-1477
1964,-481,-1482
1962,-473,-1488
1960,-466,-1494
1957,-458,-1499
1956,-454,-1501
1951,-439,-1512
1947,-426,-1521
1949,-431,-1518
1945,-420,-1525
1940,-404,-1536
1938,-396,-1542
1935,-388,-1547
1934,-385,-1549
1929,-368,-1560
1926,-360,-1565
1922,-349,-1572
1919,-341,-1577
1916,-333,-1583
1913,-325,-1588
1909,-314,-1595
1906,-306,-1600
1903,-298,-1605
1900,-290,-1610
1896,-279,-1617
1893,-271,-1622
1887,-254,-1632
1882,-243,-1639
1879,-235,-1644
1876,-227,-1648
1868,-208,-1660
1865,-200,-1665
1861,-191,-1669
1853,-172,-1681
1850,-164,-1685
1846,-156,-1690
1838,-136,-1701
1834,-128,-1705
1827,-112,-1714
1822,-101,-1720
1818,-93,-1725
1805,-65,-1739
1801,-57,-1744
1793,-41,-1752
1788,-29,-1758
1780,-13,-1766
1770,5,-1776
1762,22,-1784
1752,41,-1794
1748,49,-1798
1733,77,-1811
1714,113,-1827
1709,121,-1831
1694,148,-1843
1689,156,-1846
1674,184,-1858
1664,200,-1865
1653,220,-1873
1648,228,-1876
1632,255,-1887
1622,271,-1893
1610,290,-1901
1600,307,-1907
1589,323,-1912
1587,326,-1914
1565,361,-1926
1559,369,-1929
1549,385,-1934
1541,396,-1938
1530,412,-1943
1517,431,-1949
1512,439,-1952
1495,463,-1959
1493,466,-1960
1482,482,-1964
1469,501,-1970
1463,509,-1972
1451,524,-1976
1443,535,-1979
1432,551,-1983
1418,570,-1988
1412,578,-1990
1392,604,-1996
1386,612,-1998
1365,638,-2004
1359,646,-2006
1353,654,-2007
1339,672,-2011
1311,706,-2017
1305,713,-2019
1284,739,-2023
1256,772,-2028
1227,805,-2033
1198,838,-2037
1140,903,-2043
1049,998,-2047
987,1060,-2047
980,1066,-2047
956,1090,-2046
934,1111,-2045
924,1120,-2044
902,1140,-2043
892,1150,-2042
884,1157,-2041
870,1170,-2040
859,1179,-2039
852,1186,-2038
845,1192,-2038
833,1203,-2036
827,1208,-2036
819,1215,-2035
815,1219,-2034
804,1228,-2033
794,1237,-2031
787,1243,-2030
779,1250,-2029
771,1256,-2028
761,1265,-2027
753,1272,-2026
746,1278,-2024
738,1284,-2023
741,1282,-2024
728,1293,-2021
723,1297,-2021
720,1299,-2020
715,1303,-2019
705,1312,-2017
694,1321,-2015
689,1324,-2014
686,1327,-2014
682,1331,-2013
671,1339,-2011
660,1348,-2009
653,1354,-2007
659,1349,-2008
645,1360,-2005
637,1366,-2004
626,1374,-2001
636,1367,-2003
619,1380,-2000
611,1386,-1998
603,1392,-1996
595,1398,-1994
592,1401,-1994
585,1407,-1992
580,1410,-1991
569,1418,-1988
558,1427,-1985
550,1432,-1983
542,1438,-1981
535,1444,-1979
530,1448,-1978
524,1452,-1976
516,1458,-1974
508,1463,-1972
500,1469,-1970
489,1477,-1966
481,1483,-1964
473,1488,-1962
465,1494,-1960
454,1502,-1956
446,1507,-1954
438,1513,-1951
430,1518,-1949
419,1526,-1945
411,1531,-1943
395,1542,-1938
384,1549,-1934
376,1555,-1931
368,1560,-1928
352,1570,-1923
349,1572,-1922
341,1578,-1919
325,1588,-1913
314,1595,-1909
306,1600,-1906
290,1610,-1900
278,1617,-1896
270,1622,-1893
254,1632,-1887
243,1639,-1882
235,1644,-1879
219,1653,-1872
207,1660,-1868
199,1665,-1865
183,1674,-1858
172,1681,-1853
156,1690,-1846
136,1701,-1837
128,1705,-1834
120,1710,-1830
100,1720,-1821
92,1725,-1818
76,1734,-1810
65,1740,-1805
48,1748,-1797
29,1758,-1788
13,1766,-1780
-6,1776,-1770
-14,1780,-1766
-42,1794,-1752
-50,1798,-1748
-77,1811,-1733
-85,1815,-1729
-102,1822,-1720
-113,1827,-1714
-137,1838,-1700
-149,1843,-1694
-184,1858,-1674
-192,1862,-1669
-220,1873,-1653
-228,1876,-1648
-255,1887,-1631
-291,1901,-1609
-299,1904,-1604
-326,1914,-1587
-334,1917,-1582
-361,1926,-1564
-377,1932,-1554
-396,1938,-1541
-432,1949,-1517
-439,1952,-1512
-466,1960,-1493
-482,1965,-1482
-501,1970,-1468
-525,1976,-1451
-536,1979,-1443
-559,1985,-1426
-570,1988,-1418
-604,1996,-1392
-612,1998,-1386
-628,2002,-1374
-638,2004,-1365
-662,2009,-1347
-672,2011,-1338
-680,2013,-1332
-706,2017,-1311
-714,2019,-1305
-729,2022,-1292
-739,2023,-1283
-762,2027,-1264
-773,2028,-1255
-780,2030,-1249
-806,2033,-1227
-813,2034,-1220
-821,2035,-1214
-838,2037,-1198
-853,2039,-1185
-871,2040,-1169
-878,2041,-1162
-903,2043,-1139
-910,2043,-1133
-925,2044,-1119
-935,2045,-1110
-967,2046,-1079
-974,2047,-1072
-998,2047,-1049
-1005,2047,-1042
-1029,2047,-1018
-1060,2047,-987
-1090,2046,-955
-1150,2042,-891
-1179,2039,-859
-1209,2036,-827
-1237,2031,-794
-1265,2027,-761
-1293,2021,-727
-1300,2020,-720
-1321,2015,-694
-1333,2012,-678
-1348,2009,-660
-1360,2005,-645
-1375,2001,-626
-1381,2000,-618
-1393,1996,-603
-1401,1994,-592
-1407,1992,-584
-1413,1990,-576
-1419,1988,-569
-1427,1985,-558
-1438,1981,-542
-1444,1979,-534
-1452,1976,-523
-1458,1974,-515
-1464,1972,-507
-1469,1969,-500
-1477,1966,-489
-1483,1964,-481
-1488,1962,-473
-1494,1959,-465
-1500,1957,-457
-1502,1956,-454
-1507,1954,-446
-1516,1950,-433
-1518,1949,-430
-1526,1945,-419
-1531,1943,-411
-1537,1940,-403
-1542,1937,-395
-1547,1935,-387
-1549,1934,-384
-1555,1931,-376
-1560,1928,-368
-1565,1926,-360
-1573,1922,-349
-1578,1919,-341
-1583,1916,-333
-1588,1913,-325
-1591,1911,-320
-1595,1909,-313
-1600,1906,-305
-1605,1903,-297
-1610,1900,-289
-1615,1897,-281
-1617,1896,-278
-1622,1893,-270
-1630,1888,-257
-1632,1887,-254
-1639,1882,-243
-1644,1879,-234
-1649,1876,-226
-1654,1872,-218
-1658,1869,-210
-1660,1868,-207
-1670,1861,-191
-1673,1859,-186
-1674,1858,-183
-1681,1853,-171
-1686,1849,-163
-1690,1846,-155
-1695,1842,-147
-1701,1837,-136
-1704,1835,-131
-1706,1834,-128
-1715,1826,-111
-1721,1821,-100
-1723,1819,-95
-1725,1818,-92
-1734,1810,-76
-1740,1805,-64
-1744,1801,-56
-1748,1797,-48
-1753,1793,-40
-1758,1788,-29
-1763,1784,-20
-1771,1775,-4
-1776,1770,6
-1780,1766,14
-1784,1762,22
-1792,1753,39
-1794,1752,42
-1802,1743,58
-1809,1734,74
-1811,1733,78
-1818,1724,94
-1827,1713,113
-1831,1709,121
-1835,1705,130
-1843,1694,149
-1850,1684,165
-1858,1673,185
-1862,1669,193
-1865,1664,201
-1873,1652,220
-1883,1638,244
-1887,1631,256
-1890,1626,264
-1901,1609,291
-1907,1599,307
-1914,1587,326
-1917,1582,334
-1926,1564,362
-1929,1559,370
-1938,1541,397
-1941,1535,405
-1946,1525,421
-1949,1517,432
-1957,1500,456
-1960,1493,467
-1965,1482,483
-1970,1468,501
-1972,1462,509
-1979,1443,536
-1982,1437,544
-1986,1425,560
-1988,1417,570
-1992,1406,586
-1997,1391,605
-1998,1385,612
-2004,1365,639
-2006,1359,646
-2009,1347,662
-2011,1338,673
-2014,1326,688
-2018,1311,706
-2020,1298,722
-2023,1283,740
-2026,1270,755
-2028,1255,773
-2030,1249,780
-2033,1227,806
-2037,1198,839
-2039,1185,853
-2040,1169,871
-2043,1139,903
-2045,1109,935
-2046,1079,967
-2047,1048,998
-2047,986,1060
-2046,955,1091
-2044,923,1121
-2042,891,1150
-2041,884,1157
-2039,859,1180
-2038,851,1186
-2036,826,1209
-2035,819,1215
-2033,804,1228
-2031,793,1237
-2029,778,1250
-2028,771,1257
-2027,760,1266
-2024,745,1279
-2023,738,1285
-2021,727,1294
-2020,719,1300
-2017,704,1312
-2016,697,1319
-2015,694,1321
-2012,678,1334
-2011,670,1340
-2009,660,1348
-2007,652,1354
-2005,644,1360
-2004,637,1367
-2002,629,1373
-2001,626,1375
-2000,618,1381
-1997,606,1391
-1996,603,1393
-1993,592,1401
-1992,584,1407
-1990,576,1413
-1988,568,1419
-1986,560,1425
-1985,557,1427
-1981,542,1439
-1980,537,1442
-1979,534,1445
-1977,526,1450
-1976,523,1453
-1972,507,1464
-1969,499,1470
-1967,491,1475
-1966,488,1477
-1964,480,1483
-1962,472,1489
-1959,465,1494
-1956,453,1502
-1954,446,1508
-1951,438,1513
-1949,430,1518
-1945,419,1526
-1943,411,1531
-1940,403,1537
-1937,395,1542
-1935,387,1548
-1934,384,1550
-1931,376,1555
-1928,367,1560
-1924,355,1569
-1922,348,1573
-1916,332,1583
-1913,324,1588
-1910,316,1593
-1909,313,1595
-1903,297,1606
-1900,289,1611
-1896,278,1618
-1893,270,1623
-1890,262,1628
-1886,253,1632
-1882,242,1639
-1879,234,1644
-1872,218,1654
-1868,207,1660
-1864,199,1665
-1857,182,1675
-1853,171,1681
-1849,163,1686
-1846,155,1690
-1837,135,1701
-1830,119,1710
-1828,114,1713
-1821,100,1721
-1817,92,1725
-1810,75,1734
-1805,64,1740
-1793,40,1753
-1787,28,1759
-1779,12,1767
-1770,-6,1777
-1761,-23,1785
-1751,-42,1794
-1747,-50,1798
-1733,-78,1811
-1728,-86,1815
-1713,-114,1827
-1693,-149,1843
-1689,-157,1847
-1673,-185,1859
-1652,-221,1873
-1631,-256,1887
-1626,-264,1891
-1609,-291,1901
-1587,-327,1914
-1564,-362,1926
-1541,-397,1938
-1535,-405,1941
-1517,-432,1949
-1493,-467,1960
-1468,-502,1970
-1462,-510,1972
-1443,-536,1980
-1437,-544,1982
-1417,-571,1988
-1399,-594,1994
-1391,-605,1997
-1379,-621,2000
-1365,-639,2004
-1359,-647,2006
-1338,-673,2011
-1332,-681,2013
-1325,-688,2014
-1311,-707,2018
-1304,-714,2019
-1285,-737,2023
-1283,-740,2023
-1270,-755,2026
-1255,-773,2029
-1248,-781,2030
-1226,-806,2033
-1220,-814,2034
-1213,-821,2035
-1198,-839,2037
-1191,-846,2038
-1168,-871,2040
-1162,-879,2041
-1139,-904,2043
-1132,-911,2044
-1109,-936,2045
-1079,-967,2046
-955,-1091,2046
-1048,-999,2047
-696,-1319,2016
-693,-1321,2015
-670,-1340,2011
-659,-1349,2008
-644,-1361,2005
-636,-1367,2004
-626,-1375,2001
-618,-1381,2000
-602,-1393,1996
-594,-1399,1994
-591,-1401,1993
-576,-1413,1990
-568,-1419,1988
-560,-1425,1986
-552,-1431,1984
-557,-1427,1985
-541,-1439,1981
-534,-1445,1979
-526,-1451,1977
-523,-1453,1976
-515,-1458,1974
-507,-1464,1972
-494,-1473,1968
-499,-1470,1969
-488,-1478,1966
-480,-1483,1964
-472,-1489,1962
-467,-1492,1960
-464,-1495,1959
-456,-1500,1957
-453,-1502,1956
-445,-1508,1953
-437,-1513,1951
-429,-1519,1949
-421,-1524,1946
-418,-1526,1945
-410,-1532,1942
-391,-1544,1936
-402,-1537,1940
-394,-1542,1937
-386,-1548,1935
-383,-1550,1934
-370,-1558,1929
-367,-1560,1928
-359,-1566,1925
-351,-1571,1923
-348,-1573,1922
-340,-1578,1919
-332,-1583,1916
-324,-1589,1913
-316,-1594,1910
-313,-1596,1909
-305,-1601,1906
-297,-1606,1903
-289,-1611,1900
-280,-1616,1897
-277,-1618,1896
-261,-1628,1889
-256,-1631,1888
-253,-1633,1886
-242,-1639,1882
-234,-1644,1879
-226,-1649,1875
-218,-1654,1872
-206,-1661,1867
-198,-1665,1864
-185,-1673,1859
-182,-1675,1857
-171,-1681,1853
-163,-1686,1849
-150,-1693,1843
-146,-1695,1842
-135,-1701,1837
-119,-1710,1830
-111,-1715,1826
-99,-1721,1821
-91,-1725,1817
-75,-1734,1810
-64,-1740,1804
-56,-1744,1800
-39,-1753,1793
-28,-1759,1787
-20,-1763,1783
-4,-1771,1775
7,-1777,1769
15,-1781,1765
23,-1785,1761
43,-1794,1751
59,-1802,1743
78,-1811,1732
86,-1815,1728
103,-1822,1719
114,-1828,1713
130,-1835,1704
150,-1843,1693
158,-1847,1689
174,-1854,1679
185,-1859,1673
210,-1869,1659
221,-1873,1652
245,-1883,1637
256,-1888,1631
273,-1894,1621
292,-1901,1609
308,-1907,1599
327,-1914,1586
335,-1917,1581
351,-1923,1571
362,-1926,1564
386,-1935,1548
397,-1938,1540
405,-1941,1535
432,-1950,1517
440,-1952,1511
448,-1954,1506
467,-1960,1492
475,-1962,1487
491,-1967,1475
502,-1970,1468
518,-1975,1456
526,-1977,1450
537,-1980,1442
560,-1986,1425
568,-1988,1419
571,-1988,1417
595,-1994,1399
605,-1997,1391
613,-1998,1385
629,-2002,1373
639,-2004,1364
647,-2006,1358
663,-2009,1346
673,-2011,1338
689,-2014,1325
696,-2016,1319
707,-2018,1310
730,-2022,1291
740,-2023,1283
748,-2025,1276
774,-2029,1255
781,-2030,1248
807,-2033,1226
814,-2034,1220
839,-2037,1197
854,-2039,1184
872,-2040,1168
904,-2043,1139
936,-2045,1109
968,-2046,1078
999,-2047,1048
1061,-2047,986
1121,-2044,923
1128,-2044,915
1151,-2042,891
1180,-2039,858
1194,-2037,843
1200,-2037,836
1209,-2035,826
1222,-2034,811
1238,-2031,793
1244,-2030,785
1251,-2029,778
1266,-2027,760
1273,-2025,752
1279,-2024,745
1285,-2023,737
1294,-2021,726
1300,-2020,719
1307,-2018,711
1313,-2017,704
1322,-2015,693
1328,-2014,685
1334,-2012,678
1340,-2011,670
1346,-2009,662
1349,-2008,659
1355,-2007,651
1361,-2005,644
1367,-2004,636
1373,-2002,628
1375,-2001,625
1381,-1999,617
1387,-1998,610
1393,-1996,602
1399,-1994,594
1402,-1993,591
1408,-1991,583
1414,-1990,575
1419,-1988,568
1425,-1986,560
1428,-1985,557
1433,-1983,549
1439,-1981,541
1443,-1979,536
1445,-1979,533
1451,-1977,525
1453,-1976,522
1462,-1972,510
1464,-1971,506
1470,-1969,499
1476,-1967,491
1478,-1966,488
1484,-1964,480
1489,-1961,472
1495,-1959,464
1500,-1957,456
1502,-1956,453
1508,-1953,445
1513,-1951,437
1519,-1948,429
1524,-1946,421
1527,-1945,418
1532,-1942,410
1537,-1940,402
1543,-1937,394
1550,-1933,383
1555,-1931,375
1561,-1928,367
1564,-1926,362
1566,-1925,359
1573,-1921,348
1578,-1919,340
1584,-1916,332
1589,-1913,324
1594,-1910,316
1596,-1909,312
1606,-1903,296
1611,-1900,288
1616,-1897,280
1618,-1896,277
1623,-1892,269
1633,-1886,253
1638,-1883,245
1640,-1882,242
1649,-1875,225
1654,-1872,217
1659,-1869,209
1661,-1867,206
1670,-1861,190
1675,-1857,182
1681,-1852,170
1686,-1849,162
1695,-1842,146
1700,-1838,138
1702,-1837,135
1711,-1830,119
1715,-1826,110
1721,-1821,99
1730,-1813,83
1740,-1804,63
1745,-1800,55
1749,-1796,47
1759,-1787,28
1763,-1783,19
1771,-1775,3
1777,-1769,-7
1781,-1765,-15
1794,-1751,-43
1798,-1747,-51
1811,-1732,-79
1815,-1728,-87
1828,-1713,-114
1831,-1708,-122
1844,-1693,-150
1847,-1688,-158
1859,-1673,-186
1874,-1652,-221
1877,-1647,-229
1888,-1630,-257
1901,-1609,-292
1904,-1604,-300
1914,-1586,-327
1920,-1576,-344
1927,-1563,-363
1938,-1540,-398
1944,-1529,-414
1950,-1516,-433
1957,-1500,-457
1960,-1492,-468
1970,-1467,-502
1972,-1462,-510
1980,-1442,-537
1982,-1436,-545
1989,-1417,-571
1992,-1405,-587
1999,-1385,-613
1997,-1391,-606
2004,-1366,-637
2004,-1364,-640
2009,-1346,-663
2011,-1337,-674
2016,-1319,-697
2018,-1310,-707
2020,-1297,-722
2023,-1282,-741
2026,-1270,-756
2029,-1254,-774
2031,-1241,-789
2033,-1226,-807
2034,-1219,-814
2037,-1197,-840
2040,-1168,-872
2041,-1161,-879
2043,-1138,-904
2044,-1125,-919
2045,-1108,-936
2047,-1078,-968
2047,-1048,-999
2047,-1017,-1030
2046,-954,-1091
2044,-922,-1121
2042,-890,-1151
2039,-858,-1181
2035,-825,-1210
2033,-803,-1229
2031,-792,-1238
2028,-770,-1258
2026,-759,-1267
2023,-737,-1286
2021,-726,-1294
2018,-711,-1307
2015,-693,-1322
2014,-685,-1328
2012,-677,-1334
2008,-659,-1349
2007,-654,-1353
2007,-651,-1355
2003,-636,-1367
2001,-625,-1376
1999,-617,-1382
1998,-609,-1388
1994,-594,-1400
1993,-591,-1402
1991,-583,-1408
1988,-570,-1417
1987,-567,-1420
1985,-556,-1428
1981,-541,-1439
1979,-533,-1445
1976,-525,-1451
1976,-522,-1453
1974,-514,-1459
1969,-498,-1470
1967,-490,-1476
1966,-487,-1478
1964,-479,-1484
1961,-471,-1489
1959,-464,-1495
1956,-453,-1503
1953,-445,-1508
1951,-437,-1514
1948,-429,-1519
1946,-421,-1525
1945,-418,-1527
1940,-402,-1538
1937,-394,-1543
1933,-383,-1550
1931,-375,-1556
1928,-366,-1561
1925,-358,-1566
1921,-347,-1573
1918,-339,-1579
1916,-331,-1584
1913,-323,-1589
1909,-312,-1596
1906,-304,-1601
1903,-296,-1606
1900,-288,-1611
1895,-277,-1618
1892,-269,-1623
1886,-252,-1633
1882,-241,-1640
1878,-233,-1645
1875,-225,-1650
1872,-217,-1654
1867,-206,-1661
1860,-189,-1670
1857,-181,-1675
1852,-170,-1682
1845,-154,-1691
1842,-146,-1695
1837,-134,-1702
1829,-118,-1711
1821,-99,-1721
1817,-91,-1726
1804,-63,-1741
1800,-55,-1745
1796,-47,-1749
1787,-27,-1759
1779,-11,-1767
1769,7,-1777
1761,24,-1785
1751,43,-1795
1747,51,-1798
1732,79,-1812
1723,95,-1819
1713,115,-1828
1699,139,-1839
1693,150,-1844
1673,186,-1859
1668,194,-1862
1652,222,-1874
1647,230,-1877
1630,257,-1888
1625,265,-1891
1608,292,-1901
1603,301,-1904
1598,309,-1907
1586,328,-1914
1570,352,-1923
1563,363,-1927
1553,379,-1932
1540,398,-1939
1534,406,-1941
1524,422,-1946
1516,433,-1950
1505,449,-1955
1492,468,-1960
1486,476,-1963
1475,492,-1967
1467,503,-1970
1461,511,-1973
1450,526,-1977
1442,537,-1980
1430,553,-1984
1424,561,-1986
1416,572,-1989
1399,595,-1994
1390,606,-1997
1378,622,-2000
1372,629,-2002
1364,640,-2004
1346,663,-2009
1337,674,-2011
1325,689,-2014
1310,708,-2018
1282,741,-2024
1276,749,-2025
1254,774,-2029
1226,807,-2033
1197,840,-2037
1138,905,-2043
1016,1031,-2047
985,1061,-2047
954,1092,-2046
932,1112,-2045
922,1122,-2044
907,1135,-2043
890,1151,-2042
883,1158,-2041
868,1172,-2040
858,1181,-2039
850,1188,-2038
843,1194,-2037
835,1201,-2037
825,1210,-2035
820,1214,-2035
810,1223,-2034
803,1230,-2033
792,1239,-2031
785,1245,-2030
777,1251,-2029
770,1258,-2028
775,1253,-2029
759,1267,-2026
752,1273,-2025
744,1280,-2024
736,1286,-2023
729,1292,-2021
726,1295,-2021
718,1301,-2020
711,1307,-2018
703,1314,-2017
706,1311,-2017
692,1322,-2015
685,1328,-2013
677,1335,-2012
680,1332,-2013
669,1341,-2010
659,1349,-2008
651,1355,-2007
657,1351,-2008
643,1361,-2005
635,1368,-2003
628,1374,-2002
625,1376,-2001
617,1382,-1999
609,1388,-1998
601,1394,-1996
590,1402,-1993
593,1400,-1994
583,1408,-1991
575,1414,-1989
567,1420,-1987
559,1426,-1985
556,1428,-1985
548,1434,-1983
540,1440,-1981
533,1445,-1979
522,1453,-1976
514,1459,-1973
506,1465,-1971
498,1471,-1969
487,1478,-1966
482,1482,-1964
479,1484,-1964
463,1495,-1959
452,1503,-1956
444,1508,-1953
436,1514,-1951
428,1519,-1948
417,1527,-1945
412,1530,-1943
409,1532,-1942
393,1543,-1937
382,1551,-1933
374,1556,-1931
366,1561,-1928
358,1566,-1925
347,1574,-1921
339,1579,-1918
323,1589,-1913
312,1596,-1908
304,1601,-1906
288,1611,-1900
276,1618,-1895
268,1623,-1892
252,1633,-1886
241,1640,-1881
233,1645,-1878
225,1650,-1875
205,1661,-1867
197,1666,-1864
181,1675,-1857
170,1682,-1852
162,1686,-1849
137,1700,-1838
134,1702,-1837
110,1715,-1826
98,1722,-1821
90,1726,-1817
63,1741,-1804
55,1745,-1800
38,1753,-1792
27,1759,-1787
11,1768,-1779
-8,1777,-1769
-16,1781,-1765
-40,1793,-1752
-44,1795,-1751
-68,1806,-1738
-79,1812,-1732
-96,1819,-1723
-115,1828,-1713
-131,1835,-1704
-151,1844,-1693
-167,1851,-1683
-186,1859,-1672
-203,1866,-1663
-222,1874,-1651
-246,1884,-1637
-257,1888,-1630
-293,1901,-1608
-301,1904,-1603
-328,1914,-1586
-336,1917,-1581
-363,1927,-1563
-379,1932,-1552
-398,1939,-1540
-433,1950,-1516
-441,1952,-1510
-468,1960,-1492
-484,1965,-1480
-503,1970,-1467
-527,1977,-1450
-538,1980,-1442
-561,1986,-1424
-572,1989,-1416
-595,1994,-1398
-606,1997,-1390
-630,2002,-1372
-640,2004,-1364
-664,2009,-1345
-674,2011,-1337
-697,2016,-1318
-708,2018,-1309
-731,2022,-1291
-741,2024,-1282
-749,2025,-1275
-775,2029,-1254
-782,2030,-1247
-807,2033,-1225
-815,2034,-1219
-830,2036,-1206
-840,2037,-1196
-855,2039,-1183
-873,2040,-1167
-887,2042,-1154
-905,2043,-1138
-912,2044,-1131
-937,2045,-1108
-951,2046,-1094
-968,2047,-1078
-976,2047,-1071
-1000,2047,-1047
-1031,2047,-1016
-1062,2047,-985
-1069,2047,-978
-1092,2046,-953
-1122,2044,-922
-1152,2042,-890
-1181,2039,-857
-1210,2035,-825
-1245,2030,-784
-1267,2026,-759
-1295,2021,-725
-1308,2018,-710
-1322,2015,-692
-1350,2008,-658
-1356,2007,-650
-1368,2003,-635
-1376,2001,-624
-1388,1997,-609
-1402,1993,-590
-1408,1991,-582
-1420,1987,-567
-1428,1985,-556
-1434,1983,-548
-1446,1978,-532
-1454,1975,-521
-1459,1973,-513
-1465,1971,-506
-1471,1969,-498
-1479,1966,-487
-1484,1963,-479
-1493,1960,-466
-1495,1959,-463
-1503,1955,-452
-1514,1951,-436
-1520,1948,-428
-1527,1945,-417
-1533,1942,-409
-1538,1939,-401
-1543,1937,-393
-1551,1933,-382
-1554,1931,-377
-1556,1930,-374
-1561,1928,-366
-1572,1922,-350
-1574,1921,-347
-1579,1918,-339
-1589,1912,-323
-1595,1910,-315
-1596,1908,-311
-1602,1905,-303
-1607,1902,-295
-1612,1899,-287
-1619,1895,-276
-1624,1892,-268
-1629,1889,-260
-1633,1886,-252
-1640,1881,-241
-1645,1878,-232
-1650,1875,-224
-1655,1872,-216
-1661,1867,-205
-1666,1864,-197
-1671,1860,-189
-1676,1857,-181
-1682,1852,-169
-1687,1848,-161
-1691,1845,-153
-1696,1841,-145
-1702,1836,-134
-1707,1833,-126
-1711,1829,-117
-1716,1825,-109
-1722,1820,-98
-1726,1817,-90
-1735,1809,-74
-1741,1804,-62
-1745,1800,-54
-1749,1796,-46
-1754,1792,-38
-1759,1787,-27
-1768,1778,-10
-1772,1774,-2
-1777,1769,8
-1781,1765,16
-1785,1761,24
-1795,1751,44
-1799,1746,52
-1803,1742,60
-1812,1732,80
-1816,1727,88
-1819,1723,96
-1828,1712,115
-1835,1703,132
-1844,1693,151
-1848,1688,159
-1859,1672,187
-1863,1667,195
-1866,1663,203
-1874,1651,222
-1877,1646,230
-1888,1630,258
-1891,1625,266
-1902,1608,293
-1905,1603,301
-1911,1593,317
-1915,1586,328
-1923,1570,353
-1927,1563,364
-1932,1552,380
-1939,1539,399
-1941,1534,407
-1950,1516,434
-1952,1510,442
-1957,1499,458
-1961,1491,469
-1965,1480,485
-1971,1467,503
-1973,1461,511
-1977,1449,527
-1980,1441,538
-1986,1424,562
-1989,1416,572
-1991,1410,580
-1994,1398,596
-1997,1390,607
-2000,1378,622
-2005,1363,641
-2006,1357,648
-2009,1345,664
-2012,1336,675
-2015,1324,690
-2018,1309,708
-2019,1303,716
-2024,1282,742
-2025,1275,749
-2029,1253,775
-2030,1247,782
-2033,1225,808
-2034,1218,815
-2037,1196,841
-2039,1183,855
-2040,1167,873
-2043,1137,905
-2045,1108,937
-2047,1077,969
-2047,1047,1000
-2047,1016,1031
-2047,985,1062
-2046,953,1092
-2044,921,1122
-2042,889,1152
-2041,882,1159
-2039,857,1181
-2037,842,1195
-2035,824,1210
-2034,817,1217
-2031,792,1239
-2030,784,1246
-2029,777,1252
-2026,758,1267
-2025,751,1274
-2024,743,1280
-2023,736,1286
-2021,725,1295
-2018,710,1308
-2017,702,1314
-2016,698,1318
-2015,692,1323
-2013,684,1329
-2011,672,1339
-2010,669,1341
-2008,658,1350
-2007,650,1356
-2003,635,1368
-2002,630,1372
-2001,624,1376
-1999,616,1382
-1997,608,1388
-1996,601,1394
-1994,593,1400
-1993,590,1403
-1991,582,1409
-1987,566,1420
-1986,562,1424
-1984,555,1429
-1982,548,1434
-1980,540,1440
-1979,535,1444
-1978,532,1446
-1975,521,1454
-1973,513,1460
-1971,505,1465
-1969,497,1471
-1967,489,1477
-1966,486,1479
-1961,470,1490
-1960,466,1494
-1959,463,1496
-1955,452,1503
-1953,444,1509
-1950,436,1514
-1948,428,1520
-1944,417,1527
-1943,412,1531
-1942,409,1533
-1938,396,1541
-1937,393,1544
-1933,382,1551
-1930,374,1556
-1928,365,1562
-1925,357,1567
-1921,346,1574
-1918,338,1579
-1915,330,1584
-1912,322,1590
-1908,311,1597
-1905,303,1602
-1902,295,1607
-1897,282,1615
-1895,276,1619
-1889,260,1629
-1886,251,1634
-1881,240,1640
-1878,232,1645
-1875,224,1650
-1867,205,1662
-1865,200,1665
-1863,197,1666
-1857,180,1676
-1852,169,1682
-1845,153,1691
-1841,145,1696
-1836,133,1702
-1833,125,1707
-1825,109,1716
-1820,98,1722
-1816,90,1726
-1804,62,1741
-1800,54,1745
-1796,46,1750
-1786,26,1760
-1778,10,1768
-1769,-8,1778
-1760,-25,1786
-1756,-33,1790
-1750,-44,1795
-1732,-80,1812
-1727,-88,1816
-1712,-116,1828
-1708,-124,1832
-1692,-151,1844
-1683,-168,1851
-1672,-187,1859
-1651,-223,1874
-1641,-239,1881
-1630,-258,1888
-1608,-293,1902
-1603,-302,1905
-1585,-329,1915
-1563,-364,1927
-1539,-399,1939
-1515,-434,1950
-1510,-442,1953
-1491,-469,1961
-1466,-504,1971
-1461,-512,1973
-1441,-538,1980
-1416,-573,1989
-1410,-581,1991
-1390,-607,1997
-1384,-615,1999
-1363,-641,2005
-1357,-649,2006
-1351,-656,2008
-1336,-675,2012
-1324,-690,2015
-1309,-709,2018
-1303,-716,2019
-1290,-731,2022
-1281,-742,2024
-1269,-757,2026
-1253,-775,2029
-1240,-790,2031
-1234,-798,2032
-1225,-808,2033
-1218,-816,2034
-1196,-841,2037
-1189,-848,2038
-1183,-856,2039
-1167,-873,2040
-1153,-888,2042
-1137,-905,2043
-1130,-913,2044
-1107,-937,2045
-1100,-945,2046
-1077,-969,2047
-1046,-1000,2047
-1016,-1031,2047
-984,-1062,2047
-914,-1129,2044
-691,-1323,2015
-658,-1350,2008
-650,-1356,2006
-634,-1368,2003
-624,-1377,2001
-608,-1389,1997
-600,-1395,1995
-589,-1403,1993
-574,-1415,1989
-566,-1421,1987
-558,-1427,1985
-555,-1429,1984
-539,-1440,1980
-532,-1446,1978
-521,-1454,1975
-513,-1460,1973
-505,-1466,1971
-497,-1471,1969
-486,-1479,1966
-478,-1485,1963
-473,-1488,1962
-470,-1490,1961
-462,-1496,1959
-451,-1504,1955
-446,-1507,1954
-443,-1509,1953
-430,-1518,1949
-427,-1520,1948
-419,-1526,1945
-416,-1528,1944
-400,-1538,1939
-395,-1542,1938
-392,-1544,1937
-381,-1551,1933
-376,-1554,1931
-373,-1557,1930
-365,-1562,1927
-349,-1572,1922
-346,-1574,1921
-338,-1579,1918
-330,-1585,1915
-322,-1590,1912
-314,-1595,1909
-311,-1597,1908
-298,-1605,1903
-295,-1607,1902
-287,-1612,1899
-275,-1619,1895
-267,-1624,1892
-259,-1629,1889
-246,-1637,1884
-240,-1641,1881
-232,-1646,1878
-224,-1650,1875
-216,-1655,1871
-207,-1660,1868
-204,-1662,1867
-188,-1671,1860
-180,-1676,1856
-169,-1682,1852
-161,-1687,1848
-148,-1694,1842
-133,-1703,1836
-125,-1707,1833
-117,-1712,1829
-101,-1720,1821
-97,-1722,1820
-89,-1727,1816
-73,-1735,1809
-62,-1741,1803
-54,-1745,1800
-37,-1754,1792
-26,-1760,1786
-10,-1768,1778
-1,-1772,1774
9,-1778,1768
25,-1786,1760
45,-1795,1750
53,-1799,1746
69,-1807,1737
80,-1812,1731
97,-1820,1723
116,-1829,1712
124,-1832,1708
152,-1844,1692
160,-1848,1688
176,-1855,1678
187,-1860,1672
212,-1870,1658
223,-1874,1651
239,-1881,1641
258,-1888,1629
275,-1895,1620
294,-1902,1608
310,-1908,1597
329,-1915,1585
337,-1918,1580
353,-1923,1570
364,-1927,1562
380,-1933,1552
399,-1939,1539
415,-1944,1528
434,-1950,1515
442,-1953,1510
450,-1955,1504
469,-1961,1491
477,-1963,1485
485,-1965,1480
504,-1971,1466
520,-1975,1455
539,-1980,1441
547,-1982,1435
554,-1984,1429
573,-1989,1415
581,-1991,1409
596,-1995,1398
607,-1997,1389
623,-2001,1377
631,-2002,1371
641,-2005,1363
657,-2008,1351
675,-2012,1336
683,-2013,1330
691,-2015,1324
709,-2018,1309
716,-2019,1302
742,-2024,1281
750,-2025,1275
765,-2027,1262
775,-2029,1253
791,-2031,1240
808,-2033,1224
823,-2035,1211
841,-2037,1196
856,-2039,1182
874,-2041,1166
906,-2043,1137
938,-2045,1107
969,-2047,1077
1001,-2047,1046
1032,-2047,1015
1062,-2047,984
1093,-2046,953
1123,-2044,921
1136,-2043,906
1153,-2042,889
1182,-2039,856
1189,-2038,849
1195,-2037,842
1211,-2035,824
1224,-2033,809
1240,-2031,791
1246,-2030,783
1253,-2029,776
1259,-2028,768
1268,-2026,758
1274,-2025,750
1281,-2024,743
1287,-2023,735
1296,-2021,725
1302,-2019,717
1308,-2018,709
1318,-2016,697
1323,-2015,691
1329,-2013,683
1336,-2012,676
1342,-2010,668
1348,-2009,660
1350,-2008,657
1356,-2006,649
1363,-2005,642
1369,-2003,634
1375,-2001,626
1377,-2001,623
1383,-1999,615
1389,-1997,608
1395,-1995,600
1403,-1993,589
1407,-1992,584
1409,-1991,581
1415,-1989,573
1421,-1987,566
1427,-1985,558
1429,-1984,555
1435,-1982,547
1441,-1980,539
1444,-1979,534
1446,-1978,531
1454,-1975,520
1460,-1973,512
1464,-1972,508
1466,-1971,505
1472,-1969,497
1477,-1966,489
1479,-1965,486
1485,-1963,478
1491,-1961,470
1496,-1959,462
1502,-1956,454
1504,-1955,451
1509,-1953,443
1515,-1950,435
1520,-1948,427
1526,-1945,419
1528,-1944,416
1533,-1942,408
1539,-1939,400
1544,-1936,392
1549,-1934,384
1551,-1933,381
1557,-1930,373
1562,-1927,365
1567,-1925,357
1572,-1922,349
1575,-1921,346
1580,-1918,338
1585,-1915,330
1593,-1910,317
1597,-1908,310
1602,-1905,302
1607,-1902,294
1612,-1899,286
1619,-1895,275
1624,-1892,267
1629,-1889,259
1634,-1885,251
1641,-1881,240
1646,-1878,231
1651,-1874,223
1655,-1871,215
1662,-1867,204
1667,-1863,196
1671,-1860,188
1676,-1856,180
1683,-1852,168
1687,-1848,160
1696,-1841,144
1703,-1836,133
1707,-1832,125
1714,-1826,112
1722,-1820,97
1727,-1816,89
1731,-1812,81
1735,-1809,73
1741,-1803,61
1750,-1795,45
1760,-1786,26
1764,-1782,17
1768,-1778,9
1778,-1768,-9
1786,-1760,-25
1795,-1750,-45
1799,-1746,-53
1812,-1731,-81
1816,-1727,-89
1829,-1712,-116
1832,-1707,-124
1844,-1692,-152
1848,-1687,-160
1860,-1672,-188
1866,-1662,-204
1874,-1651,-223
1888,-1629,-259
1892,-1624,-267
1902,-1607,-294
1908,-1597,-310
1915,-1585,-329
1927,-1562,-365
1930,-1557,-373
1939,-1539,-400
1942,-1533,-408
1950,-1515,-435
1953,-1509,-443
1961,-1491,-470
1965,-1479,-486
1971,-1466,-504
1973,-1460,-512
1980,-1441,-539
1984,-1429,-555
1989,-1415,-573
1991,-1409,-581
1995,-1397,-597
1997,-1389,-608
2002,-1371,-631
2005,-1363,-642
2006,-1357,-649
2012,-1336,-675
2013,-1330,-683
2016,-1317,-699
2018,-1308,-709
2022,-1290,-732
2024,-1281,-743
2026,-1268,-758
2029,-1253,-776
2030,-1246,-783
2032,-1233,-798
2033,-1224,-809
2037,-1195,-841
2038,-1189,-849
2041,-1166,-874
2042,-1153,-889
2043,-1137,-906
2045,-1107,-938
2047,-1076,-970
2047,-1046,-1001
2047,-1039,-1008
2047,-1015,-1032
2046,-952,-1093
2044,-920,-1123
2042,-888,-1153
2039,-856,-1182
2038,-849,-1189
2035,-823,-1211
2031,-791,-1240
2030,-783,-1246
2028,-768,-1259
2026,-758,-1268
2023,-735,-1287
2021,-724,-1296
2018,-709,-1309
2016,-697,-1319
2015,-691,-1323
2012,-675,-1336
2008,-657,-1351
2006,-649,-1357
2005,-641,-1363
2003,-634,-1369
2001,-623,-1377
1999,-615,-1383
1995,-600,-1395
1993,-592,-1401
1993,-589,-1403
1989,-573,-1415
1987,-565,-1421
1984,-554,-1429
1982,-547,-1435
1980,-539,-1441
1978,-531,-1447
1976,-523,-1452
1975,-520,-1455
1971,-504,-1466
1969,-496,-1472
1966,-488,-1477
1965,-485,-1480
1961,-469,-1491
1958,-462,-1496
1955,-451,-1504
1953,-443,-1510
1950,-435,-1515
1948,-427,-1521
1945,-419,-1526
1944,-416,-1528
1939,-400,-1539
1936,-392,-1544
1934,-384,-1550
1933,-381,-1552
1927,-364,-1562
1924,-356,-1567
1921,-345,-1575
1918,-337,-1580
1915,-329,-1585
1912,-321,-1590
1908,-310,-1597
1905,-302,-1602
1902,-294,-1607
1896,-278,-1618
1895,-275,-1619
1888,-259,-1629
1885,-250,-1634
1881,-239,-1641
1878,-231,-1646
1871,-215,-1656
1866,-204,-1662
1863,-196,-1667
1856,-179,-1676
1851,-168,-1683
1848,-160,-1687
1841,-144,-1697
1836,-132,-1703
1829,-116,-1712
1820,-97,-1723
1816,-89,-1727
1808,-72,-1736
1803,-61,-1742
1795,-45,-1750
1786,-25,-1760
1778,-9,-1768
1768,10,-1778
1760,26,-1786
1750,45,-1796
1741,62,-1803
1731,81,-1812
1712,117,-1829
1707,125,-1832
1692,152,-1845
1683,169,-1852
1671,188,-1860
1662,204,-1867
1650,224,-1875
1641,240,-1881
1629,259,-1889
1614,283,-1898
1607,294,-1902
1597,311,-1908
1585,330,-1915
1574,346,-1921
1562,365,-1927
1557,373,-1930
1539,400,-1939
1533,408,-1942
1515,435,-1950
1509,443,-1953
1504,451,-1955
1490,470,-1961
1479,486,-1966
1474,494,-1968
1466,505,-1971
1454,521,-1975
1441,539,-1980
1435,547,-1982
1423,563,-1986
1415,574,-1989
1403,589,-1993
1389,608,-1997
1377,623,-2001
1362,642,-2005
1356,650,-2006
1335,676,-2012
1329,684,-2013
1308,709,-2018
1280,743,-2024
1274,750,-2025
1252,776,-2029
1195,842,-2037
1166,874,-2041
1046,1001,-2047
983,1063,-2047
976,1070,-2047
952,1093,-2046
945,1100,-2046
920,1123,-2044
906,1137,-2043
888,1153,-2042
881,1160,-2041
873,1167,-2040
856,1183,-2039
848,1189,-2038
841,1196,-2037
834,1202,-2036
823,1212,-2035
816,1218,-2034
808,1225,-2033
801,1231,-2032
790,1240,-2031
783,1247,-2030
778,1251,-2029
775,1253,-2029
768,1260,-2028
757,1268,-2026
750,1275,-2025
742,1281,-2024
734,1288,-2022
740,1283,-2023
724,1296,-2021
716,1303,-2019
709,1309,-2018
704,1313,-2017
701,1315,-2017
690,1324,-2015
686,1328,-2014
683,1330,-2013
675,1336,-2012
667,1342,-2010
660,1348,-2009
657,1351,-2008
649,1357,-2006
641,1363,-2005
633,1369,-2003
626,1375,-2001
623,1377,-2001
615,1383,-1999
607,1389,-1997
599,1395,-1995
588,1404,-1993
587,1405,-1992
581,1410,-1991
573,1416,-1989
565,1421,-1987
554,1430,-1984
546,1435,-1982
538,1441,-1980
534,1445,-1979
531,1447,-1978
520,1455,-1975
512,1461,-1973
504,1466,-1971
496,1472,-1968
485,1480,-1965
477,1485,-1963
469,1491,-1961
461,1497,-1958
450,1504,-1955
442,1510,-1953
434,1515,-1950
418,1526,-1945
415,1528,-1944
407,1534,-1941
399,1539,-1939
380,1552,-1933
375,1555,-1931
372,1557,-1930
356,1568,-1924
345,1575,-1920
337,1580,-1918
329,1585,-1915
310,1598,-1908
302,1603,-1905
294,1608,-1902
274,1620,-1894
266,1625,-1891
258,1630,-1888
250,1635,-1885
239,1641,-1881
223,1651,-1874
215,1656,-1871
203,1662,-1866
187,1672,-1859
179,1677,-1856
168,1683,-1851
151,1692,-1844
132,1703,-1836
124,1708,-1832
108,1717,-1825
96,1723,-1820
80,1731,-1812
61,1742,-1803
44,1750,-1795
25,1760,-1786
17,1764,-1782
9,1769,-1778
-10,1778,-1768
-26,1786,-1760
-46,1796,-1750
-62,1803,-1741
-81,1813,-1731
-98,1820,-1722
-117,1829,-1711
-125,1833,-1707
-153,1845,-1692
-161,1848,-1687
-188,1860,-1671
-224,1875,-1650
-232,1878,-1645
-240,1881,-1641
-259,1889,-1629
-295,1902,-1607
-303,1905,-1602
-330,1915,-1585
-365,1928,-1562
-373,1930,-1556
-400,1939,-1538
-408,1942,-1533
-435,1950,-1514
-451,1955,-1503
-470,1961,-1490
-486,1966,-1479
-505,1971,-1465
-529,1977,-1448
-540,1980,-1440
-574,1989,-1415
-582,1991,-1409
-608,1997,-1389
-616,1999,-1383
-632,2003,-1371
-642,2005,-1362
-658,2008,-1350
-676,2012,-1335
-699,2016,-1317
-710,2018,-1308
-717,2020,-1302
-733,2022,-1289
-743,2024,-1280
-766,2027,-1261
-776,2029,-1252
-791,2031,-1239
-799,2032,-1233
-809,2033,-1224
-832,2036,-1204
-842,2037,-1195
-849,2038,-1188
-875,2041,-1166
-882,2041,-1159
-914,2044,-1129
-907,2043,-1136
-929,2045,-1116
-939,2045,-1106
-970,2047,-1076
-977,2047,-1069
-1002,2047,-1045
-1016,2047,-1031
-1033,2047,-1014
-1063,2047,-983
-1094,2046,-952
-1153,2042,-888
-1183,2039,-855
-1212,2035,-823
-1269,2026,-757
-1275,2025,-749
-1297,2021,-724
-1309,2018,-708
-1324,2015,-690
-1336,2012,-675
-1351,2008,-656
-1363,2005,-641
-1369,2003,-633
-1378,2001,-622
-1390,1997,-607
-1404,1993,-588
-1410,1991,-580
-1416,1989,-573
-1427,1985,-557
-1430,1984,-554
-1436,1982,-546
-1447,1978,-530
-1455,1975,-519
-1461,1973,-511
-1467,1971,-504
-1472,1968,-496
-1480,1965,-485
-1486,1963,-477
-1491,1961,-469
-1497,1958,-461
-1502,1956,-453
-1505,1955,-450
-1510,1952,-442
-1516,1950,-434
-1526,1945,-418
-1529,1944,-415
-1534,1941,-407
-1539,1939,-399
-1545,1936,-391
-1552,1932,-380
-1555,1931,-375
-1557,1930,-372
-1568,1924,-356
-1573,1921,-348
-1575,1920,-345
-1580,1917,-337
-1586,1915,-329
-1591,1912,-321
-1596,1909,-312
-1598,1908,-309
-1603,1905,-301
-1608,1902,-293
-1613,1899,-285
-1620,1894,-274
-1625,1891,-266
-1630,1888,-258
-1635,1885,-250
-1640,1882,-242
-1641,1881,-239
-1646,1877,-230
-1651,1874,-222
-1661,1867,-206
-1663,1866,-203
-1667,1863,-195
-1672,1859,-187
-1677,1856,-179
-1683,1851,-167
-1688,1848,-159
-1692,1844,-151
-1697,1841,-143
-1703,1836,-132
-1708,1832,-124
-1712,1828,-115
-1717,1825,-107
-1723,1819,-96
-1727,1816,-88
-1732,1812,-80
-1736,1808,-72
-1742,1803,-60
-1746,1799,-52
-1750,1795,-44
-1759,1787,-28
-1760,1786,-25
-1769,1777,-8
-1773,1773,0
-1778,1768,10
-1782,1764,18
-1786,1759,26
-1796,1749,46
-1800,1745,54
-1804,1741,62
-1813,1731,82
-1817,1726,90
-1829,1711,117
-1833,1707,126
-1839,1699,139
-1845,1691,153
-1848,1687,161
-1852,1682,169
-1860,1671,189
-1864,1666,197
-1875,1650,224
-1878,1645,232
-1889,1629,260
-1892,1624,268
-1902,1607,295
-1905,1602,303
-1915,1584,330
-1918,1579,339
-1928,1561,366
-1930,1556,374
-1939,1538,401
-1942,1533,409
-1947,1522,425
-1951,1514,436
-1955,1503,452
-1961,1490,471
-1963,1484,479
-1971,1465,505
-1973,1460,513
-1978,1448,529
-1980,1440,540
-1985,1428,556
-1989,1414,574
-1993,1403,590
-1997,1388,609
-1999,1382,616
-2003,1370,632
-2005,1362,643
-2010,1343,666
-2012,1335,676
-2016,1316,699
-2018,1308,710
-2020,1301,718
-2024,1280,744
-2025,1274,751
-2029,1252,777
-2030,1245,784
-2034,1223,810
-2037,1195,842
-2038,1188,850
-2041,1165,875
-2043,1136,907
-2045,1106,939
-2047,1076,971
-2047,1014,1033
-2047,983,1064
-2046,951,1094
-2044,920,1124
-2043,905,1138
-2042,887,1154
-2039,855,1183
-2038,848,1190
-2035,823,1212
-2034,815,1219
-2032,800,1232
-2031,790,1241
-2030,782,1247
-2028,767,1260
-2026,757,1269
-2025,749,1275
-2022,734,1288
-2021,723,1297
-2019,716,1303
-2018,708,1309
-2016,700,1316
-2014,690,1324
-2013,682,1330
-2011,674,1337
-2010,667,1343
-2008,656,1351
-2006,648,1357
-2005,640,1364
-2003,633,1370
-2001,625,1376
-2000,622,1378
-1999,614,1384
-1997,606,1390
-1993,591,1402
-1993,588,1404
-1991,580,1410
-1989,572,1416
-1987,564,1422
-1985,557,1428
-1984,553,1430
-1982,546,1436
-1980,538,1442
-1978,530,1447
-1975,519,1455
-1973,511,1461
-1970,503,1467
-1968,495,1472
-1966,487,1478
-1965,484,1480
-1963,476,1486
-1960,468,1491
-1958,461,1497
-1955,450,1505
-1952,442,1510
-1950,434,1516
-1947,426,1521
-1945,418,1527
-1944,415,1529
-1941,407,1534
-1939,399,1540
-1933,383,1550
-1932,380,1552
-1930,372,1558
-1927,363,1563
-1924,355,1568
-1920,344,1575
-1917,336,1581
-1914,328,1586
-1912,320,1591
-1908,309,1598
-1905,301,1603
-1902,293,1608
-1898,285,1613
-1894,274,1620
-1891,266,1625
-1885,249,1635
-1880,238,1642
-1877,230,1647
-1874,222,1651
-1867,206,1661
-1866,203,1663
-1863,195,1668
-1856,178,1677
-1851,167,1683
-1844,151,1693
-1840,143,1697
-1835,131,1703
-1828,115,1712
-1819,96,1723
-1816,88,1727
-1812,79,1732
-1803,60,1742
-1799,52,1746
-1791,36,1755
-1785,24,1761
-1773,0,1773
-1768,-11,1779
-1759,-27,1787
-1749,-46,1796
-1741,-63,1804
-1730,-82,1813
-1711,-118,1829
-1707,-126,1833
-1691,-153,1845
-1671,-189,1860
-1666,-197,1864
-1650,-225,1875
-1628,-260,1889
-1607,-295,1902
-1601,-304,1905
-1584,-331,1915
-1561,-366,1928
-1538,-401,1940
-1514,-436,1951
-1509,-444,1953
-1490,-471,1961
-1478,-487,1966
-1465,-506,1971
-1440,-540,1981
-1434,-548,1983
-1414,-575,1989
-1408,-582,1991
-1388,-609,1997
-1382,-617,1999
-1370,-632,2003
-1362,-643,2005
-1349,-658,2008
-1335,-677,2012
-1318,-697,2016
-1307,-710,2018
-1301,-718,2020
-1295,-726,2021
-1280,-744,2024
-1273,-751,2025
-1261,-767,2028
-1252,-777,2029
-1239,-792,2031
-1223,-810,2034
-1217,-817,2034
-1210,-825,2035
-1194,-843,2037
-1181,-858,2039
-1165,-875,2041
-1152,-890,2042
-1135,-907,2043
-1106,-939,2045
-1075,-971,2047
-1045,-1002,2047
-1014,-1033,2047
-723,-1297,2020
-708,-1310,2018
-689,-1325,2014
-674,-1337,2011
-656,-1352,2008
-648,-1358,2006
-640,-1364,2004
-625,-1376,2001
-622,-1378,2000
-606,-1390,1997
-598,-1396,1995
-591,-1402,1993
-587,-1404,1992
-572,-1416,1989
-564,-1422,1987
-556,-1428,1985
-553,-1430,1984
-545,-1436,1982
-537,-1442,1980
-530,-1448,1978
-522,-1453,1976
-519,-1456,1975
-511,-1461,1973
-503,-1467,1970
-495,-1473,1968
-487,-1478,1966
-484,-1481,1965
-476,-1486,1963
-468,-1492,1960
-460,-1497,1958
-452,-1503,1956
-449,-1505,1955
-441,-1511,1952
-428,-1519,1948
-433,-1516,1950
-420,-1525,1946
-414,-1529,1944
-406,-1534,1941
-401,-1538,1940
-398,-1540,1939
-390,-1545,1936
-379,-1553,1932
-369,-1559,1929
-371,-1558,1930
-353,-1570,1923
-355,-1568,1924
-344,-1576,1920
-336,-1581,1917
-328,-1586,1914
-315,-1594,1910
-320,-1591,1911
-309,-1598,1907
-301,-1603,1904
-293,-1608,1901
-285,-1613,1898
-273,-1620,1894
-265,-1625,1891
-252,-1633,1886
-257,-1630,1888
-238,-1642,1880
-230,-1647,1877
-222,-1652,1874
-214,-1656,1870
-202,-1663,1866
-194,-1668,1862
-186,-1672,1859
-178,-1677,1856
-167,-1684,1851
-159,-1688,1847
-150,-1693,1844
-131,-1704,1835
-123,-1708,1832
-115,-1713,1828
-95,-1723,1819
-87,-1728,1815
-79,-1732,1812
-63,-1741,1804
-60,-1742,1802
-43,-1751,1795
-24,-1761,1785
-16,-1765,1781
0,-1773,1773
11,-1779,1767
24,-1785,1761
27,-1787,1759
47,-1796,1749
63,-1804,1741
71,-1808,1736
82,-1813,1730
99,-1821,1721
118,-1829,1711
126,-1833,1706
134,-1837,1702
154,-1845,1691
162,-1849,1686
170,-1852,1682
189,-1860,1671
197,-1864,1666
206,-1867,1661
225,-1875,1650
238,-1880,1642
241,-1882,1640
260,-1889,1628
268,-1892,1623
285,-1898,1613
296,-1903,1606
304,-1906,1601
328,-1914,1586
331,-1916,1584
339,-1918,1579
347,-1921,1574
366,-1928,1561
374,-1931,1556
382,-1933,1550
390,-1936,1545
401,-1940,1538
417,-1945,1527
425,-1947,1521
436,-1951,1514
452,-1956,1503
460,-1958,1497
471,-1961,1489
487,-1966,1478
495,-1968,1473
506,-1971,1465
527,-1977,1450
522,-1976,1453
541,-1981,1440
556,-1985,1428
575,-1989,1414
583,-1991,1408
609,-1998,1388
617,-1999,1382
643,-2005,1361
677,-2012,1334
711,-2018,1307
744,-2024,1279
777,-2029,1251
971,-2047,1075
1002,-2047,1044
1010,-2047,1037
1017,-2047,1030
1033,-2047,1013
1048,-2047,999
1064,-2047,982
1071,-2047,975
1078,-2047,968
1085,-2046,961
1095,-2046,951
1101,-2045,944
1108,-2045,936
1115,-2045,929
1125,-2044,919
1131,-2044,912
1136,-2043,907
1138,-2043,904
1145,-2042,897
1152,-2042,890
1154,-2042,887
1161,-2041,880
