1892,-267,-1624
1885,-250,-1634
1882,-242,-1639
1881,-239,-1641
1878,-231,-1646
1874,-223,-1651
1871,-215,-1656
1866,-204,-1662
1863,-196,-1667
1856,-179,-1676
1851,-168,-1683
1848,-160,-1687
1844,-152,-1692
1841,-144,-1697
1836,-132,-1703
1832,-124,-1707
1829,-116,-1712
1820,-97,-1723
1816,-89,-1727
1808,-72,-1736
1803,-61,-1742
1799,-53,-1746
1795,-45,-1750
1786,-25,-1760
1782,-17,-1764
1778,-9,-1768
1770,6,-1777
1768,10,-1778
1760,26,-1786
1750,45,-1796
1746,53,-1799
1737,70,-1807
1731,81,-1812
1727,89,-1816
1722,97,-1820
1712,117,-1829
1707,125,-1832
1698,141,-1840
1692,152,-1845
1687,160,-1848
1678,177,-1855
1671,188,-1860
1662,204,-1867
1650,224,-1875
1646,232,-1878
1641,240,-1881
1629,259,-1889
1624,267,-1892
1614,283,-1898
1607,294,-1902
1597,311,-1908
1585,330,-1915
1580,338,-1918
1569,354,-1924
1562,365,-1927
1557,373,-1930
1551,381,-1933
1539,400,-1939
1533,408,-1942
1515,435,-1950
1509,443,-1953
1498,459,-1958
1490,470,-1961
1479,486,-1966
1466,505,-1971
1460,513,-1973
1449,528,-1977
1441,539,-1980
1429,555,-1984
1415,574,-1989
1403,589,-1993
1389,608,-1997
1383,616,-1999
1362,642,-2005
1356,650,-2006
1335,676,-2012
1323,691,-2015
1308,709,-2018
1280,743,-2024
1252,776,-2029
1246,784,-2030
1224,809,-2033
1195,842,-2037
1166,874,-2041
1136,906,-2043
1106,938,-2045
1076,970,-2047
1046,1001,-2047
1015,1032,-2047
983,1063,-2047
976,1070,-2047
952,1093,-2046
920,1123,-2044
906,1137,-2043
888,1153,-2042
881,1160,-2041
856,1183,-2039
848,1189,-2038
826,1209,-2036
823,1212,-2035
808,1225,-2033
793,1238,-2031
790,1240,-2031
775,1253,-2029
768,1260,-2028
757,1268,-2026
750,1275,-2025
742,1281,-2024
734,1288,-2022
724,1296,-2021
716,1303,-2019
709,1309,-2018
690,1324,-2015
686,1328,-2014
683,1330,-2013
675,1336,-2012
667,1342,-2010
657,1351,-2008
649,1357,-2006
641,1363,-2005
633,1369,-2003
623,1377,-2001
615,1383,-1999
607,1389,-1997
599,1395,-1995
588,1404,-1993
581,1410,-1991
573,1416,-1989
565,1421,-1987
554,1430,-1984
546,1435,-1982
541,1439,-1981
538,1441,-1980
531,1447,-1978
520,1455,-1975
512,1461,-1973
504,1466,-1971
496,1472,-1968
485,1480,-1965
477,1485,-1963
469,1491,-1961
461,1497,-1958
450,1504,-1955
442,1510,-1953
434,1515,-1950
418,1526,-1945
415,1528,-1944
407,1534,-1941
399,1539,-1939
380,1552,-1933
372,1557,-1930
367,1560,-1928
364,1562,-1927
345,1575,-1920
337,1580,-1918
329,1585,-1915
310,1598,-1908
302,1603,-1905
294,1608,-1902
286,1613,-1899
274,1620,-1894
258,1630,-1888
250,1635,-1885
239,1641,-1881
223,1651,-1874
215,1656,-1871
203,1662,-1866
179,1677,-1856
168,1683,-1851
160,1688,-1848
132,1703,-1836
124,1708,-1832
108,1717,-1825
96,1723,-1820
80,1731,-1812
61,1742,-1803
53,1746,-1799
25,1760,-1786
9,1769,-1778
-10,1778,-1768
-46,1796,-1750
-54,1800,-1745
-81,1813,-1731
-89,1816,-1726
-117,1829,-1711
-153,1845,-1692
-161,1848,-1687
-188,1860,-1671
-224,1875,-1650
-232,1878,-1645
-259,1889,-1629
-295,1902,-1607
-303,1905,-1602
-330,1915,-1585
-338,1918,-1579
-365,1928,-1562
-381,1933,-1551
-400,1939,-1538
-408,1942,-1533
-435,1950,-1514
-443,1953,-1509
-470,1961,-1490
-486,1966,-1479
-505,1971,-1465
-513,1973,-1460
-521,1975,-1454
-540,1980,-1440
-555,1984,-1429
-571,1988,-1417
-574,1989,-1415
-590,1993,-1403
-608,1997,-1389
-616,1999,-1383
-632,2003,-1371
-642,2005,-1362
-658,2008,-1350
-676,2012,-1335
-684,2013,-1329
-699,2016,-1317
-710,2018,-1308
-717,2020,-1302
-743,2024,-1280
-751,2025,-1274
-776,2029,-1252
-784,2030,-1246
-791,2031,-1239
-809,2033,-1224
-832,2036,-1204
-842,2037,-1195
-875,2041,-1166
-907,2043,-1136
-939,2045,-1106
-970,2047,-1076
-1002,2047,-1045
-1063,2047,-983
-1153,2042,-888
-1183,2039,-855
-1212,2035,-823
-1240,2031,-790
-1247,2030,-782
-1269,2026,-757
-1275,2025,-749
-1288,2022,-734
-1297,2021,-724
-1303,2019,-716
-1315,2017,-701
-1324,2015,-690
-1330,2013,-682
-1343,2010,-667
-1351,2008,-656
-1357,2006,-649
-1363,2005,-641
-1373,2002,-628
-1375,2001,-625
-1378,2001,-622
-1390,1997,-607
-1396,1995,-599
-1404,1993,-588
-1408,1991,-583
-1410,1991,-580
-1416,1989,-573
-1427,1985,-557
-1430,1984,-554
-1436,1982,-546
-1441,1980,-538
-1447,1978,-530
-1453,1976,-522
-1455,1975,-519
-1461,1973,-511
-1467,1971,-504
-1472,1968,-496
-1478,1966,-488
-1480,1965,-485
-1486,1963,-477
-1491,1961,-469
-1497,1958,-461
-1502,1956,-453
-1505,1955,-450
-1510,1952,-442
-1516,1950,-434
-1521,1947,-426
-1529,1944,-415
-1532,1942,-410
-1534,1941,-407
-1543,1937,-394
-1545,1936,-391
-1552,1932,-380
-1557,1930,-372
-1561,1928,-367
-1563,1927,-364
-1571,1923,-351
-1575,1920,-345
-1580,1917,-337
-1586,1915,-329
-1591,1912,-321
-1596,1909,-312
-1598,1908,-309
-1603,1905,-301
-1608,1902,-293
-1616,1897,-280
-1620,1894,-274
-1625,1891,-266
-1630,1888,-258
-1635,1885,-250
-1641,1881,-239
-1646,1877,-230
-1651,1874,-222
-1661,1867,-206
-1663,1866,-203
-1667,1863,-195
-1672,1859,-187
-1677,1856,-179
-1683,1851,-167
-1688,1848,-159
-1697,1841,-143
-1703,1836,-132
-1708,1832,-124
-1717,1825,-107
-1723,1819,-96
-1727,1816,-88
-1732,1812,-80
-1742,1803,-60
-1746,1799,-52
-1750,1795,-44
-1760,1786,-25
-1765,1782,-16
-1778,1768,10
-1782,1764,18
-1786,1759,26
-1796,1749,46
-1800,1745,54
-1813,1731,82
-1817,1726,90
-1824,1717,106
-1829,1711,117
-1836,1702,134
-1845,1691,153
-1848,1687,161
-1860,1671,189
-1864,1666,197
-1867,1661,205
-1875,1650,224
-1881,1640,240
-1889,1629,260
-1895,1619,276
-1902,1607,295
-1905,1602,303
-1914,1586,327
-1915,1584,330
-1921,1574,347
-1928,1561,366
-1930,1556,374
-1939,1538,401
-1942,1533,409
-1945,1527,417
-1951,1514,436
-1953,1509,444
-1958,1498,460
-1961,1490,471
-1966,1479,487
-1971,1465,505
-1973,1460,513
-1980,1442,537
-1980,1440,540
-1985,1428,556
-1989,1414,574
-1991,1408,582
-1995,1397,598
-1997,1388,609
-1999,1382,616
-2005,1362,643
-2007,1356,650
-2012,1335,676
-2013,1329,684
-2018,1308,710
-2020,1301,718
-2024,1280,744
-2025,1274,751
-2029,1252,777
-2030,1245,784
-2034,1223,810
-2037,1195,842
-2041,1165,875
-2043,1136,907
-2045,1106,939
-2047,1076,971
-2047,1045,1002
-2047,1014,1033
-2047,983,1064
-2047,976,1071
-2046,951,1094
-2044,920,1124
-2044,912,1131
-2042,887,1154
-2041,880,1160
-2039,855,1183
-2038,848,1190
-2036,833,1203
-2035,823,1212
-2033,808,1225
-2031,790,1241
-2030,782,1247
-2029,775,1254
-2026,760,1266
-2026,757,1269
-2024,741,1282
-2022,734,1288
-2021,723,1297
-2019,716,1303
-2018,708,1309
-2016,696,1319
-2014,690,1324
-2013,682,1330
-2010,667,1343
-2008,659,1349
-2008,656,1351
-2005,640,1364
-2003,633,1370
-2001,625,1376
-2000,622,1378
-1999,614,1384
-1997,606,1390
-1995,599,1396
-1993,588,1404
-1991,580,1410
-1989,572,1416
-1987,564,1422
-1984,553,1430
-1982,546,1436
-1980,538,1442
-1978,530,1447
-1975,519,1455
-1974,514,1459
-1973,511,1461
-1968,495,1472
-1966,487,1478
-1965,484,1480
-1963,476,1486
-1960,468,1491
-1955,450,1505
-1953,445,1508
-1952,442,1510
-1947,426,1521
-1944,415,1529
-1942,410,1532
-1941,407,1534
-1936,391,1545
-1932,380,1552
-1930,372,1558
-1927,363,1563
-1924,355,1568
-1920,344,1575
-1914,328,1586
-1912,320,1591
-1908,309,1598
-1905,301,1603
-1902,293,1608
-1894,274,1620
-1891,266,1625
-1888,257,1630
-1880,238,1642
-1877,230,1647
-1874,222,1651
-1866,203,1663
-1863,195,1668
-1859,186,1672
-1851,167,1683
-1847,159,1688
-1844,151,1693
-1835,131,1703
-1828,115,1712
-1819,96,1723
-1812,79,1732
-1803,60,1742
-1799,52,1746
-1785,24,1761
-1781,16,1765
-1768,-11,1779
-1759,-27,1787
-1749,-46,1796
-1730,-82,1813
-1726,-90,1817
-1711,-118,1829
-1691,-153,1845
-1687,-162,1849
-1671,-189,1860
-1650,-225,1875
-1645,-233,1878
-1628,-260,1889
-1607,-295,1902
-1601,-304,1905
-1584,-331,1915
-1579,-339,1918
-1561,-366,1928
-1551,-382,1933
-1538,-401,1940
-1522,-425,1947
-1514,-436,1951
-1490,-471,1961
-1484,-479,1964
-1473,-495,1968
-1465,-506,1971
-1454,-521,1976
-1440,-540,1981
-1434,-548,1983
-1414,-575,1989
-1408,-582,1991
-1396,-598,1995
-1388,-609,1997
-1376,-624,2001
-1362,-643,2005
-1355,-651,2007
-1349,-658,2008
-1335,-677,2012
-1322,-692,2015
-1310,-707,2018
-1307,-710,2018
-1295,-726,2021
-1280,-744,2024
-1267,-759,2026
-1252,-777,2029
-1245,-785,2030
-1223,-810,2034
-1217,-817,2034
-1194,-843,2037
-1188,-850,2038
-1165,-875,2041
-1158,-882,2041
-1135,-907,2043
-1106,-939,2045
-1075,-971,2047
-1045,-1002,2047
-1014,-1033,2047
-983,-1064,2047
-919,-1124,2044
-887,-1154,2042
-847,-1190,2038
-822,-1212,2035
-789,-1241,2031
-782,-1247,2030
-756,-1269,2026
-749,-1276,2025
-723,-1297,2020
-715,-1303,2019
-708,-1310,2018
-689,-1325,2014
-682,-1331,2013
-666,-1343,2010
-656,-1352,2008
-648,-1358,2006
-640,-1364,2004
-625,-1376,2001
-622,-1378,2000
-614,-1384,1999
-598,-1396,1995
-591,-1402,1993
-587,-1404,1992
-580,-1410,1991
-564,-1422,1987
-556,-1428,1985
-553,-1430,1984
-545,-1436,1982
-537,-1442,1980
-522,-1453,1976
-519,-1456,1975
-511,-1461,1973
-503,-1467,1970
-495,-1473,1968
-487,-1478,1966
-484,-1481,1965
-476,-1486,1963
-468,-1492,1960
-455,-1501,1957
-452,-1503,1956
-449,-1505,1955
-441,-1511,1952
-433,-1516,1950
-420,-1525,1946
-414,-1529,1944
-409,-1532,1942
-406,-1534,1941
-390,-1545,1936
-385,-1548,1934
-379,-1553,1932
-371,-1558,1930
-363,-1563,1927
-355,-1568,1924
-347,-1574,1921
-344,-1576,1920
-336,-1581,1917
-328,-1586,1914
-315,-1594,1910
-309,-1598,1907
-301,-1603,1904
-293,-1608,1901
-285,-1613,1898
-273,-1620,1894
-265,-1625,1891
-257,-1630,1888
-249,-1635,1885
-238,-1642,1880
-230,-1647,1877
-222,-1652,1874
-214,-1656,1870
-202,-1663,1866
-194,-1668,1862
-186,-1672,1859
-178,-1677,1856
-167,-1684,1851
-159,-1688,1847
-150,-1693,1844
-131,-1704,1835
-123,-1708,1832
-115,-1713,1828
-107,-1717,1824
-95,-1723,1819
-87,-1728,1815
-71,-1736,1808
-60,-1742,1802
-51,-1747,1799
-35,-1755,1791
-24,-1761,1785
-16,-1765,1781
0,-1773,1773
11,-1779,1767
19,-1783,1763
47,-1796,1749
55,-1800,1745
63,-1804,1741
82,-1813,1730
90,-1817,1726
99,-1821,1721
118,-1829,1711
134,-1837,1702
154,-1845,1691
162,-1849,1686
178,-1856,1677
189,-1860,1671
197,-1864,1666
225,-1875,1650
233,-1878,1645
249,-1885,1635
260,-1889,1628
268,-1892,1623
277,-1895,1618
296,-1903,1606
312,-1909,1596
331,-1916,1584
339,-1918,1579
347,-1921,1574
366,-1928,1561
374,-1931,1556
390,-1936,1545
401,-1940,1538
409,-1942,1532
425,-1947,1521
436,-1951,1514
444,-1953,1508
468,-1960,1492
471,-1961,1489
487,-1966,1478
506,-1971,1465
514,-1973,1459
530,-1978,1448
541,-1981,1440
548,-1983,1434
564,-1987,1422
575,-1989,1414
591,-1993,1402
609,-1998,1388
617,-1999,1382
633,-2003,1370
643,-2005,1361
659,-2008,1349
677,-2012,1334
685,-2014,1328
711,-2018,1307
718,-2020,1301
744,-2024,1279
752,-2025,1273
777,-2029,1251
810,-2034,1223
843,-2037,1194
875,-2041,1165
932,-2045,1112
964,-2046,1082
995,-2047,1051
1026,-2047,1021
1057,-2047,989
1088,-2046,958
1101,-2045,944
1118,-2045,926
1131,-2044,912
1148,-2042,894
1161,-2041,880
1177,-2039,862
1184,-2039,855
1190,-2038,847
1206,-2036,829
1213,-2035,822
1219,-2034,814
1232,-2032,799
1235,-2032,797
1248,-2030,782
1254,-2029,774
1263,-2027,764
1269,-2026,756
1276,-2025,748
1282,-2024,741
1291,-2022,730
1297,-2020,723
1304,-2019,715
1307,-2018,710
1310,-2018,707
1319,-2016,697
1325,-2014,689
1331,-2013,681
1337,-2011,674
1346,-2009,663
1352,-2008,655
1358,-2006,648
1362,-2005,643
1364,-2004,640
1372,-2002,629
1378,-2000,621
1384,-1999,614
1388,-1997,609
1390,-1997,606
1399,-1994,595
1405,-1992,587
1411,-1990,579
1417,-1989,572
1422,-1987,564
1425,-1986,561
1430,-1984,553
1436,-1982,545
1442,-1980,537
1450,-1977,526
1451,-1976,524
1456,-1975,518
1462,-1973,510
1467,-1970,503
1475,-1967,492
1481,-1965,484
1484,-1964,479
1486,-1963,476
1498,-1958,460
1500,-1957,457
1505,-1955,449
1511,-1952,441
1516,-1950,433
1524,-1946,422
1529,-1944,414
1535,-1941,406
1540,-1938,398
1547,-1935,387
1553,-1932,379
1558,-1929,371
1563,-1927,363
1571,-1923,352
1576,-1920,344
1586,-1914,328
1593,-1910,316
1598,-1907,308
1603,-1904,300
1616,-1897,281
1620,-1894,273
1625,-1891,265
1637,-1883,246
1642,-1880,238
1652,-1874,221
1658,-1869,210
1668,-1862,194
1679,-1854,174
1688,-1847,158
1699,-1839,139
1708,-1831,123
1719,-1823,103
1728,-1815,87
1738,-1806,67
1747,-1798,51
1757,-1789,32
1775,-1771,-3
1779,-1767,-11
1792,-1753,-39
1809,-1734,-75
1817,-1726,-91
1826,-1715,-110
1842,-1695,-146
1857,-1675,-182
1861,-1670,-190
1872,-1654,-217
1886,-1633,-253
1900,-1611,-288
1913,-1589,-323
1916,-1584,-331
1925,-1566,-359
1931,-1555,-375
1937,-1543,-394
1948,-1519,-429
1951,-1514,-437
1959,-1495,-464
1961,-1489,-472
1969,-1470,-498
1971,-1464,-506
1979,-1445,-533
1981,-1439,-541
1988,-1420,-568
1989,-1414,-575
1991,-1408,-583
1996,-1394,-602
1999,-1382,-617
2004,-1367,-636
2007,-1355,-651
2008,-1349,-659
2011,-1340,-670
2014,-1328,-685
2017,-1313,-703
2018,-1307,-711
2023,-1285,-737
2024,-1279,-744
2025,-1273,-752
2028,-1257,-770
2030,-1245,-785
2033,-1229,-803
2035,-1216,-818
2037,-1200,-836
2037,-1194,-843
2040,-1171,-868
2041,-1164,-876
2043,-1142,-901
2045,-1112,-933
2046,-1082,-964
2047,-1075,-971
2047,-1051,-996
2047,-1020,-1027
2046,-958,-1088
2044,-926,-1118
2039,-862,-1177
2036,-829,-1206
2032,-796,-1235
2030,-781,-1248
2027,-763,-1263
2022,-730,-1291
2020,-722,-1298
2016,-696,-1319
2014,-689,-1325
2013,-681,-1331
2009,-663,-1346
2006,-647,-1358
2004,-640,-1364
2002,-629,-1373
2000,-621,-1379
1998,-613,-1385
1997,-605,-1391
1994,-595,-1399
1991,-582,-1409
1990,-579,-1411
1988,-571,-1417
1986,-560,-1425
1984,-553,-1431
1982,-545,-1437
1980,-537,-1442
1977,-526,-1450
1975,-518,-1456
1972,-510,-1462
1970,-500,-1469
1967,-491,-1475
1965,-483,-1481
1963,-478,-1484
1963,-475,-1487
1958,-460,-1498
1957,-456,-1500
1954,-449,-1505
1952,-441,-1511
1950,-433,-1516
1947,-425,-1522
1946,-422,-1524
1944,-414,-1529
1941,-406,-1535
1935,-387,-1548
1936,-390,-1546
1932,-379,-1553
1929,-371,-1558
1928,-366,-1562
1927,-362,-1564
1923,-351,-1571
1920,-343,-1576
1917,-335,-1581
1915,-330,-1584
1914,-327,-1586
1910,-316,-1594
1907,-308,-1599
1904,-300,-1604
1901,-292,-1609
1897,-281,-1616
1894,-273,-1621
1892,-268,-1624
1891,-265,-1626
1888,-256,-1631
1883,-245,-1637
1880,-237,-1642
1877,-229,-1647
1873,-221,-1652
1869,-210,-1659
1866,-202,-1663
1862,-194,-1668
1859,-185,-1673
1854,-174,-1679
1851,-166,-1684
1847,-158,-1689
1843,-150,-1693
1839,-138,-1700
1835,-130,-1704
1831,-122,-1709
1824,-106,-1717
1823,-103,-1719
1819,-95,-1724
1811,-78,-1732
1806,-67,-1738
1802,-59,-1743
1798,-51,-1747
1789,-31,-1757
1785,-23,-1761
1781,-15,-1765
1771,3,-1775
1767,12,-1779
1763,20,-1783
1753,39,-1793
1749,47,-1797
1740,64,-1804
1734,75,-1810
1730,83,-1813
1715,111,-1826
1710,119,-1830
1706,127,-1833
1695,146,-1842
1691,154,-1845
1675,182,-1857
1670,190,-1861
1665,198,-1864
1654,217,-1872
1649,226,-1875
1633,253,-1886
1628,261,-1889
1618,277,-1896
1611,288,-1900
1601,305,-1906
1589,324,-1913
1583,332,-1916
1566,359,-1925
1561,367,-1928
1555,375,-1931
1543,394,-1937
1537,402,-1940
1519,429,-1948
1513,437,-1951
1508,445,-1953
1495,464,-1959
1483,480,-1964
1472,496,-1968
1470,499,-1969
1459,515,-1974
1445,533,-1979
1439,541,-1981
1427,557,-1985
1419,568,-1988
1408,583,-1991
1393,602,-1996
1387,610,-1998
1367,636,-2004
1361,644,-2005
1355,652,-2007
1340,670,-2011
1328,685,-2014
1322,693,-2015
1313,704,-2017
1307,711,-2018
1285,737,-2023
1273,752,-2025
1257,770,-2028
1244,785,-2030
1229,803,-2033
1222,811,-2034
1200,836,-2037
1171,869,-2040
1164,876,-2041
1141,901,-2043
1112,933,-2045
1081,965,-2046
1051,996,-2047
1020,1027,-2047
989,1058,-2047
957,1088,-2046
950,1095,-2046
926,1118,-2044
894,1148,-2042
886,1155,-2042
861,1178,-2039
829,1207,-2036
821,1213,-2035
814,1220,-2034
796,1235,-2032
788,1242,-2031
773,1255,-2029
763,1264,-2027
755,1270,-2026
748,1276,-2025
730,1292,-2022
722,1298,-2020
714,1304,-2019
702,1314,-2017
696,1319,-2016
688,1325,-2014
673,1338,-2011
665,1344,-2010
662,1346,-2009
655,1352,-2007
647,1358,-2006
639,1365,-2004
628,1373,-2002
621,1379,-2000
613,1385,-1998
605,1391,-1997
594,1399,-1994
587,1405,-1992
579,1411,-1990
574,1415,-1989
571,1417,-1988
560,1425,-1986
552,1431,-1984
544,1437,-1982
536,1443,-1980
529,1448,-1977
526,1451,-1977
513,1460,-1973
510,1462,-1972
502,1468,-1970
491,1476,-1967
483,1481,-1965
475,1487,-1962
467,1492,-1960
459,1498,-1958
456,1500,-1957
440,1511,-1952
435,1515,-1950
432,1517,-1949
421,1524,-1946
408,1533,-1942
405,1535,-1941
397,1540,-1938
386,1548,-1935
378,1553,-1932
370,1558,-1929
362,1564,-1926
351,1571,-1923
343,1576,-1920
335,1581,-1917
327,1587,-1914
316,1594,-1910
308,1599,-1907
300,1604,-1904
280,1616,-1897
284,1614,-1898
272,1621,-1894
256,1631,-1887
245,1638,-1883
237,1643,-1880
229,1647,-1877
209,1659,-1869
201,1664,-1865
193,1668,-1862
185,1673,-1859
174,1680,-1854
166,1684,-1850
153,1692,-1845
138,1700,-1838
122,1709,-1831
114,1713,-1827
102,1719,-1822
94,1724,-1819
67,1739,-1806
59,1743,-1802
50,1747,-1798
31,1757,-1789
23,1761,-1785
7,1770,-1777
-4,1775,-1771
-20,1783,-1763
-39,1793,-1753
-48,1797,-1749
-64,1804,-1740
-75,1810,-1734
-91,1817,-1725
-111,1826,-1715
-127,1834,-1706
-147,1842,-1695
-163,1849,-1686
-182,1857,-1675
-218,1872,-1654
-226,1875,-1649
-234,1879,-1644
-253,1886,-1633
-289,1900,-1611
-324,1913,-1588
-332,1916,-1583
-359,1925,-1566
-394,1937,-1542
-402,1940,-1537
-430,1949,-1519
-464,1959,-1494
-472,1962,-1489
-499,1969,-1470
-507,1972,-1464
-534,1979,-1445
-549,1983,-1433
-568,1988,-1419
-584,1992,-1407
-602,1996,-1393
-610,1998,-1387
-636,2004,-1367
-644,2005,-1361
-670,2011,-1340
-678,2012,-1334
-693,2015,-1321
-704,2017,-1313
-712,2019,-1306
-727,2021,-1294
-738,2023,-1285
-753,2025,-1272
-771,2028,-1257
-778,2029,-1250
-793,2031,-1238
-804,2033,-1229
-811,2034,-1222
-826,2036,-1209
-836,2037,-1200
-851,2038,-1187
-869,2040,-1171
-876,2041,-1164
-891,2042,-1150
-901,2043,-1141
-916,2044,-1128
-933,2045,-1111
-940,2045,-1104
-965,2046,-1081
-996,2047,-1051
-1003,2047,-1044
-1027,2047,-1020
-1058,2047,-989
-1119,2044,-925
-1207,2036,-828
-1264,2027,-763
-1292,2022,-729
-1319,2016,-696
-1326,2014,-688
-1346,2009,-662
-1353,2007,-654
-1359,2006,-647
-1373,2002,-628
-1379,2000,-620
-1391,1997,-605
-1400,1994,-594
-1405,1992,-586
-1411,1990,-578
-1423,1986,-563
-1425,1986,-560
-1431,1984,-552
-1443,1979,-536
-1449,1977,-528
-1451,1977,-525
-1457,1974,-517
-1462,1972,-509
-1471,1969,-497
-1476,1967,-491
-1481,1965,-483
-1487,1962,-475
-1493,1960,-467
-1498,1958,-459
-1500,1957,-456
-1506,1954,-448
-1511,1952,-440
-1517,1949,-432
-1522,1947,-424
-1524,1946,-421
-1530,1943,-413
-1535,1941,-405
-1541,1938,-397
-1546,1935,-389
-1548,1934,-386
-1553,1932,-378
-1559,1929,-370
-1564,1926,-362
-1569,1924,-354
-1571,1922,-351
-1576,1920,-343
-1582,1917,-335
-1587,1914,-327
-1592,1911,-319
-1594,1910,-315
-1599,1907,-307
-1604,1904,-299
-1609,1901,-291
-1616,1897,-280
-1619,1895,-275
-1621,1894,-272
-1626,1890,-264
-1631,1887,-256
-1638,1883,-245
-1643,1880,-236
-1648,1876,-228
-1652,1873,-220
-1659,1869,-209
-1664,1865,-201
-1669,1862,-193
-1673,1858,-185
-1678,1855,-177
-1680,1854,-173
-1689,1847,-157
-1694,1843,-149
-1700,1838,-138
-1704,1835,-130
-1709,1831,-122
-1713,1827,-113
-1720,1822,-102
-1724,1818,-94
-1728,1815,-86
-1739,1806,-66
-1743,1802,-58
-1747,1798,-50
-1757,1789,-31
-1761,1785,-23
-1766,1781,-14
-1775,1771,4
-1779,1767,12
-1783,1763,20
-1793,1753,40
-1797,1748,48
-1810,1734,76
-1812,1731,81
-1814,1730,84
-1826,1715,111
-1830,1710,119
-1842,1695,147
-1846,1690,155
-1858,1674,183
-1861,1670,191
-1872,1654,218
-1876,1649,226
-1879,1644,234
-1886,1632,254
-1893,1622,270
-1900,1610,289
-1913,1588,324
-1916,1583,332
-1919,1578,341
-1926,1565,360
-1937,1542,395
-1940,1537,403
-1949,1518,430
-1951,1513,438
-1956,1502,454
-1959,1494,465
-1966,1477,488
-1969,1469,499
-1974,1458,515
-1979,1444,534
-1983,1433,550
-1988,1419,568
-1990,1413,576
-1996,1393,603
-1998,1387,611
-2000,1381,618
-2004,1366,637
-2007,1354,652
-2011,1340,671
-2012,1336,675
-2012,1333,678
-2017,1312,704
-2020,1300,720
-2023,1285,738
-2024,1278,745
-2027,1266,761
-2028,1257,771
-2030,1244,786
-2033,1228,804
-2034,1222,812
-2037,1199,837
-2038,1193,844
-2040,1170,869
-2041,1157,884
-2043,1141,902
-2045,1111,933
-2045,1104,941
-2046,1081,965
-2047,1050,997
-2047,1019,1028
-2047,988,1058
-2046,957,1089
-2046,950,1096
-2044,925,1119
-2042,893,1149
-2039,861,1178
-2039,853,1185
-2036,828,1207
-2035,821,1214
-2033,806,1227
-2032,795,1236
-2030,780,1249
-2027,762,1264
-2026,755,1271
-2023,740,1283
-2022,729,1292
-2020,721,1298
-2018,706,1311
-2016,695,1320
-2014,688,1326
-2013,680,1332
-2009,662,1347
-2007,654,1353
-2006,646,1359
-2004,639,1365
-2002,628,1373
-2000,620,1379
-1998,612,1385
-1996,604,1391
-1994,594,1400
-1993,589,1403
-1992,586,1406
-1988,570,1417
-1985,559,1426
-1983,552,1431
-1982,547,1435
-1981,544,1437
-1978,531,1447
-1976,525,1451
-1974,517,1457
-1972,509,1463
-1970,501,1468
-1967,490,1476
-1965,482,1482
-1963,478,1485
-1962,474,1487
-1958,462,1496
-1957,455,1501
-1954,448,1506
-1952,440,1512
-1948,427,1520
-1946,421,1525
-1943,413,1530
-1941,405,1536
-1938,397,1541
-1934,386,1548
-1932,378,1554
-1929,369,1559
-1926,361,1564
-1922,350,1571
-1920,342,1577
-1917,334,1582
-1914,326,1587
-1910,315,1594
-1907,307,1599
-1904,299,1604
-1898,283,1614
-1897,280,1616
-1893,272,1621
-1887,255,1631
-1883,244,1638
-1880,236,1643
-1876,228,1648
-1870,212,1657
-1868,209,1659
-1862,193,1669
-1860,188,1672
-1854,173,1680
-1850,165,1685
-1843,149,1694
-1838,137,1700
-1831,121,1709
-1827,113,1714
-1822,102,1720
-1815,86,1729
-1805,66,1739
-1802,58,1743
-1798,50,1747
-1788,30,1758
-1784,22,1762
-1776,6,1770
-1771,-4,1776
-1762,-21,1784
-1752,-40,1793
-1748,-48,1797
-1734,-76,1810
-1729,-84,1814
-1725,-92,1818
-1714,-112,1827
-1695,-147,1842
-1690,-155,1846
-1674,-183,1858
-1670,-191,1861
-1653,-218,1872
-1649,-227,1876
-1632,-254,1887
-1627,-262,1890
-1610,-289,1900
-1588,-325,1913
-1583,-333,1916
-1565,-360,1926
-1542,-395,1938
-1537,-403,1940
-1518,-430,1949
-1494,-465,1959
-1488,-473,1962
-1469,-500,1970
-1458,-516,1974
-1444,-534,1979
-1419,-569,1988
-1413,-577,1990
-1393,-603,1996
-1387,-611,1998
-1375,-626,2001
-1366,-637,2004
-1348,-660,2009
-1339,-671,2011
-1327,-686,2014
-1312,-705,2017
-1306,-712,2019
-1284,-738,2023
-1278,-746,2024
-1265,-761,2027
-1256,-771,2028
-1243,-786,2030
-1228,-804,2033
-1221,-812,2034
-1208,-827,2036
-1199,-837,2037
-1193,-845,2038
-1170,-870,2040
-1163,-877,2041
-1141,-902,2043
-1136,-906,2043
-1134,-909,2043
-1111,-934,2045
-1104,-941,2045
-1080,-965,2046
-1074,-973,2047
-1050,-997,2047
-1019,-1028,2047
-1012,-1035,2047
-988,-1059,2047
-925,-1119,2044
-893,-1149,2042
-860,-1178,2039
-795,-1236,2032
-762,-1264,2027
-729,-1292,2021
-695,-1320,2015
-687,-1326,2014
-661,-1347,2009
-646,-1359,2006
-627,-1374,2002
-620,-1380,2000
-596,-1398,1995
-593,-1400,1994
-578,-1412,1990
-562,-1424,1986
-559,-1426,1985
-551,-1432,1983
-543,-1438,1981
-525,-1451,1976
-520,-1455,1975
-517,-1457,1974
-501,-1468,1970
-490,-1476,1967
-485,-1480,1965
-482,-1482,1964
-466,-1493,1960
-458,-1499,1957
-455,-1501,1956
-447,-1506,1954
-439,-1512,1952
-431,-1517,1949
-423,-1523,1947
-420,-1525,1946
-412,-1530,1943
-404,-1536,1941
-388,-1546,1935
-385,-1549,1934
-380,-1552,1933
-377,-1554,1932
-361,-1564,1926
-353,-1570,1923
-350,-1572,1922
-342,-1577,1919
-334,-1582,1917
-326,-1587,1914
-315,-1594,1910
-310,-1597,1908
-307,-1599,1907
-299,-1605,1904
-286,-1613,1899
-279,-1617,1896
-271,-1622,1893
-263,-1626,1890
-255,-1631,1887
-244,-1638,1883
-236,-1643,1879
-231,-1646,1877
-228,-1648,1876
-212,-1658,1870
-208,-1659,1868
-200,-1664,1865
-192,-1669,1862
-173,-1680,1853
-176,-1678,1855
-165,-1685,1850
-148,-1694,1843
-137,-1700,1838
-129,-1705,1834
-121,-1709,1831
-113,-1714,1827
-101,-1720,1822
-93,-1724,1818
-85,-1729,1814
-72,-1736,1808
-66,-1739,1805
-49,-1748,1798
-30,-1758,1788
-22,-1762,1784
-14,-1766,1780
5,-1776,1770
13,-1780,1766
21,-1784,1762
41,-1793,1752
49,-1797,1748
57,-1801,1744
76,-1810,1734
84,-1814,1729
112,-1827,1714
120,-1830,1710
128,-1834,1705
148,-1843,1694
164,-1850,1685
183,-1858,1674
191,-1861,1669
219,-1873,1653
227,-1876,1648
254,-1887,1632
262,-1890,1627
290,-1900,1610
298,-1903,1605
325,-1913,1588
333,-1916,1583
349,-1922,1572
360,-1926,1565
376,-1931,1554
395,-1938,1542
411,-1943,1531
431,-1949,1518
446,-1954,1507
465,-1960,1494
481,-1964,1482
489,-1967,1477
500,-1970,1469
516,-1974,1458
535,-1979,1444
550,-1983,1432
558,-1985,1426
569,-1988,1418
585,-1992,1407
603,-1996,1392
611,-1998,1386
627,-2001,1374
637,-2004,1366
653,-2007,1354
671,-2011,1339
679,-2012,1333
694,-2015,1320
705,-2017,1312
713,-2019,1306
728,-2021,1293
738,-2023,1284
761,-2027,1265
772,-2028,1256
779,-2029,1250
805,-2033,1228
812,-2034,1221
837,-2037,1199
845,-2038,1192
870,-2040,1170
902,-2043,1140
909,-2043,1133
934,-2045,1110
966,-2046,1080
997,-2047,1050
1028,-2047,1019
1089,-2046,956
1119,-2044,924
1149,-2042,892
1156,-2042,885
1179,-2039,860
1185,-2038,853
1208,-2036,828
1214,-2035,820
1236,-2032,795
1243,-2031,787
1249,-2029,780
1265,-2027,762
1271,-2026,754
1277,-2024,746
1288,-2022,734
1293,-2021,728
1305,-2019,713
1311,-2017,705
1320,-2015,695
1324,-2015,690
1326,-2014,687
1339,-2011,672
1345,-2009,664
1347,-2009,661
1353,-2007,653
1359,-2006,646
1366,-2004,638
1374,-2002,627
1380,-2000,619
1386,-1998,612
1392,-1996,604
1396,-1995,599
1400,-1994,593
1406,-1992,585
1412,-1990,577
1418,-1988,570
1422,-1987,565
1426,-1985,559
1432,-1983,551
1438,-1981,543
1444,-1979,535
1452,-1976,524
1449,-1977,527
1457,-1974,516
1463,-1972,508
1469,-1970,501
1472,-1968,496
1477,-1967,490
1482,-1964,482
1488,-1962,474
1493,-1960,466
1499,-1957,458
1501,-1956,455
1507,-1954,447
1512,-1952,439
1518,-1949,431
1525,-1946,420
1531,-1943,412
1534,-1941,407
1536,-1940,404
1539,-1939,399
1549,-1934,385
1554,-1931,377
1563,-1927,364
1565,-1926,361
1572,-1922,350
1577,-1919,342
1582,-1916,334
1595,-1909,314
1600,-1907,306
1605,-1904,298
1610,-1901,290
1617,-1896,279
1622,-1893,271
1632,-1887,255
1638,-1883,244
1643,-1879,235
1653,-1873,219
1660,-1868,208
1669,-1861,192
1674,-1858,184
1680,-1853,172
1690,-1846,156
1700,-1838,137
1705,-1834,129
1720,-1822,101
1725,-1818,93
1733,-1810,77
1739,-1805,65
1752,-1793,41
1758,-1788,30
1766,-1780,13
1776,-1770,-5
1780,-1766,-13
1793,-1752,-41
1801,-1744,-57
1810,-1733,-77
1827,-1714,-112
1830,-1710,-120
1843,-1694,-148
1850,-1685,-164
1858,-1674,-184
1865,-1664,-200
1873,-1653,-219
1887,-1632,-255
1893,-1622,-271
1900,-1610,-290
1913,-1588,-325
1926,-1565,-361
1929,-1559,-369
1938,-1541,-396
1949,-1518,-431
1954,-1507,-447
1960,-1493,-466
1970,-1469,-500
1979,-1444,-535
1981,-1438,-543
1988,-1418,-569
1992,-1406,-585
1996,-1392,-604
2004,-1366,-638
2006,-1360,-646
2011,-1339,-672
2012,-1333,-679
2017,-1312,-705
2019,-1305,-713
2020,-1299,-721
2023,-1284,-739
2026,-1271,-754
2028,-1256,-772
2031,-1243,-787
2033,-1227,-805
2034,-1221,-812
2036,-1208,-827
2037,-1199,-838
2038,-1185,-853
2040,-1169,-870
2041,-1163,-878
2042,-1149,-892
2043,-1140,-902
2044,-1120,-924
2045,-1110,-934
2046,-1089,-956
2046,-1080,-966
2047,-1059,-988
2047,-1049,-997
2047,-1019,-1028
2047,-1011,-1036
2047,-987,-1059
2046,-956,-1090
2044,-924,-1120
2039,-860,-1179
2036,-827,-1208
2027,-761,-1265
2021,-728,-1293
2015,-694,-1320
2009,-661,-1348
2007,-653,-1354
2004,-638,-1366
2002,-627,-1374
1998,-611,-1386
1992,-585,-1406
1994,-593,-1400
1988,-569,-1418
1985,-558,-1426
1981,-543,-1438
1980,-538,-1442
1976,-524,-1452
1974,-516,-1458
1972,-508,-1463
1970,-500,-1469
1967,-489,-1477
1963,-477,-1486
1962,-473,-1488
1956,-454,-1501
1954,-447,-1507
1951,-439,-1512
1950,-434,-1516
1949,-431,-1518
1945,-420,-1525
1943,-412,-1531
1940,-404,-1536
1938,-396,-1542
1934,-385,-1549
1931,-377,-1554
1929,-368,-1560
1926,-360,-1565
1923,-352,-1570
1922,-349,-1572
1919,-341,-1577
1916,-333,-1583
1913,-325,-1588
1909,-314,-1595
1906,-306,-1600
1903,-298,-1605
1902,-293,-1608
1900,-290,-1610
1896,-279,-1617
1891,-266,-1625
1890,-263,-1627
1887,-254,-1632
1882,-243,-1639
1879,-235,-1644
1877,-230,-1646
1876,-227,-1648
1868,-208,-1660
1865,-200,-1665
1861,-191,-1669
1858,-183,-1674
1853,-172,-1681
1851,-167,-1683
1850,-164,-1685
1844,-151,-1693
1838,-136,-1701
1834,-128,-1705
1830,-120,-1710
1827,-112,-1714
1822,-101,-1720
1818,-93,-1725
1814,-84,-1729
1810,-76,-1733
1805,-65,-1739
1801,-57,-1744
1793,-41,-1752
1788,-29,-1758
1784,-21,-1762
1776,-5,-1770
1770,5,-1776
1766,14,-1780
1762,22,-1784
1752,41,-1794
1748,49,-1798
1739,66,-1805
1733,77,-1811
1724,93,-1818
1714,113,-1827
1709,121,-1831
1700,137,-1838
1694,148,-1843
1685,165,-1850
1674,184,-1858
1664,200,-1865
1653,220,-1873
1648,228,-1876
1632,255,-1887
1627,263,-1890
1610,290,-1901
1605,299,-1904
1600,307,-1907
1587,326,-1914
1577,342,-1919
1565,361,-1926
1554,377,-1931
1541,396,-1938
1530,412,-1943
1517,431,-1949
1506,447,-1954
1493,466,-1960
1488,474,-1962
1469,501,-1970
1463,509,-1972
1457,517,-1974
1443,535,-1979
1432,551,-1983
1418,570,-1988
1406,585,-1992
1392,604,-1996
1386,612,-1998
1380,620,-2000
1365,638,-2004
1353,654,-2007
1339,672,-2011
1332,680,-2013
1320,695,-2015
1311,706,-2017
1299,721,-2020
1284,739,-2023
1271,754,-2026
1256,772,-2028
1249,780,-2029
1236,795,-2032
1227,805,-2033
1198,838,-2037
1185,853,-2038
1169,871,-2040
1140,903,-2043
1133,910,-2043
1110,935,-2045
1080,966,-2046
1049,998,-2047
1018,1029,-2047
987,1060,-2047
956,1090,-2046
948,1097,-2046
924,1120,-2044
892,1150,-2042
884,1157,-2041
859,1179,-2039
845,1192,-2038
827,1208,-2036
819,1215,-2035
804,1228,-2033
794,1237,-2031
779,1250,-2029
761,1265,-2027
753,1272,-2026
746,1278,-2024
738,1284,-2023
728,1293,-2021
712,1306,-2019
705,1312,-2017
697,1318,-2016
694,1321,-2015
679,1333,-2012
671,1339,-2011
660,1348,-2009
653,1354,-2007
645,1360,-2005
637,1366,-2004
626,1374,-2001
619,1380,-2000
614,1384,-1999
611,1386,-1998
603,1392,-1996
592,1401,-1994
585,1407,-1992
577,1413,-1990
569,1418,-1988
561,1424,-1986
558,1427,-1985
545,1436,-1982
542,1438,-1981
535,1444,-1979
524,1452,-1976
514,1459,-1973
508,1463,-1972
500,1469,-1970
492,1475,-1967
489,1477,-1966
476,1486,-1963
473,1488,-1962
465,1494,-1960
454,1502,-1956
446,1507,-1954
438,1513,-1951
433,1516,-1950
419,1526,-1945
411,1531,-1943
406,1534,-1941
403,1536,-1940
384,1549,-1934
376,1555,-1931
371,1558,-1930
368,1560,-1928
360,1565,-1926
349,1572,-1922
336,1581,-1917
333,1583,-1916
314,1595,-1909
309,1598,-1907
306,1600,-1906
298,1605,-1903
278,1617,-1896
270,1622,-1893
262,1627,-1890
254,1632,-1887
243,1639,-1882
235,1644,-1879
227,1649,-1876
211,1658,-1869
207,1660,-1868
191,1670,-1861
172,1681,-1853
164,1685,-1849
156,1690,-1846
147,1695,-1842
136,1701,-1837
120,1710,-1830
100,1720,-1821
92,1725,-1818
84,1729,-1814
65,1740,-1805
57,1744,-1801
48,1748,-1797
29,1758,-1788
13,1766,-1780
-6,1776,-1770
-14,1780,-1766
-22,1784,-1762
-42,1794,-1752
-58,1802,-1743
-77,1811,-1733
-85,1815,-1729
-102,1822,-1720
-113,1827,-1714
-129,1834,-1705
-149,1843,-1694
-184,1858,-1674
-192,1862,-1669
-220,1873,-1653
-236,1880,-1643
-255,1887,-1631
-280,1896,-1616
-291,1901,-1609
-326,1914,-1587
-361,1926,-1564
-369,1929,-1559
-396,1938,-1541
-412,1943,-1530
-432,1949,-1517
-466,1960,-1493
-482,1965,-1482
-501,1970,-1468
-517,1974,-1457
-536,1979,-1443
-551,1983,-1432
-570,1988,-1418
-586,1992,-1406
-604,1996,-1392
-620,2000,-1380
-638,2004,-1365
-654,2007,-1353
-672,2011,-1338
-688,2014,-1326
-695,2016,-1320
-706,2017,-1311
-714,2019,-1305
-739,2023,-1283
-747,2025,-1277
-755,2026,-1271
-773,2028,-1255
-788,2031,-1242
-806,2033,-1227
-813,2034,-1220
-821,2035,-1214
-838,2037,-1198
-853,2039,-1185
-861,2039,-1178
-871,2040,-1169
-886,2042,-1156
-903,2043,-1139
-918,2044,-1126
-935,2045,-1110
-949,2046,-1096
-967,2046,-1079
-998,2047,-1049
-1005,2047,-1042
-1029,2047,-1018
-1060,2047,-987
-1120,2044,-924
-1209,2036,-827
-1265,2027,-761
-1293,2021,-727
-1321,2015,-694
-1327,2014,-686
-1348,2009,-660
-1354,2007,-652
-1366,2004,-637
-1375,2001,-626
-1381,2000,-618
-1393,1996,-603
-1401,1994,-592
-1413,1990,-576
-1419,1988,-569
-1427,1985,-558
-1433,1983,-550
-1438,1981,-542
-1444,1979,-534
-1452,1976,-523
-1458,1974,-515
-1464,1972,-507
-1469,1969,-500
-1477,1966,-489
-1483,1964,-481
-1488,1962,-473
-1497,1958,-460
-1494,1959,-465
-1502,1956,-454
-1507,1954,-446
-1513,1951,-438
-1518,1949,-430
-1526,1945,-419
-1531,1943,-411
-1537,1940,-403
-1542,1937,-395
-1547,1935,-387
-1549,1934,-384
-1555,1931,-376
-1560,1928,-368
-1565,1926,-360
-1571,1923,-352
-1573,1922,-349
-1578,1919,-341
-1583,1916,-333
-1588,1913,-325
-1595,1909,-313
-1600,1906,-305
-1605,1903,-297
-1610,1900,-289
-1615,1897,-281
-1617,1896,-278
-1622,1893,-270
-1627,1890,-262
-1632,1887,-254
-1639,1882,-243
-1644,1879,-234
-1649,1876,-226
-1654,1872,-218
-1660,1868,-207
-1665,1864,-199
-1670,1861,-191
-1674,1858,-183
-1681,1853,-171
-1686,1849,-163
-1690,1846,-155
-1701,1837,-136
-1706,1834,-128
-1710,1830,-120
-1715,1826,-111
-1721,1821,-100
-1728,1815,-87
-1729,1814,-84
-1740,1805,-64
-1744,1801,-56
-1748,1797,-48
-1758,1788,-29
-1763,1784,-20
-1771,1775,-4
-1776,1770,6
-1784,1762,22
-1794,1752,42
-1798,1747,50
-1802,1743,58
-1811,1733,78
-1818,1724,94
-1827,1713,113
-1835,1705,130
-1843,1694,149
-1847,1689,157
-1858,1673,185
-1862,1669,193
-1873,1652,220
-1876,1648,228
-1887,1631,256
-1890,1626,264
-1901,1609,291
-1904,1604,299
-1914,1587,326
-1920,1577,343
-1926,1564,362
-1932,1554,378
-1938,1541,397
-1943,1530,413
-1949,1517,432
-1957,1500,456
-1960,1493,467
-1965,1482,483
-1970,1468,501
-1974,1457,517
-1979,1443,536
-1984,1431,552
-1988,1417,570
-1990,1411,578
-1992,1406,586
-1997,1391,605
-2000,1379,620
-2004,1365,639
-2006,1359,646
-2009,1347,662
-2011,1338,673
-2014,1326,688
-2018,1311,706
-2020,1298,722
-2023,1283,740
-2025,1277,747
-2027,1264,762
-2028,1255,773
-2031,1242,788
-2033,1227,806
-2035,1214,821
-2037,1198,839
-2039,1185,853
-2040,1169,871
-2043,1139,903
-2043,1132,911
-2045,1109,935
-2046,1079,967
-2047,1072,974
-2047,1048,998
-2047,1018,1029
-2047,986,1060
-2046,955,1091
-2044,923,1121
-2042,891,1150
-2041,876,1164
-2039,859,1180
-2038,844,1193
-2036,826,1209
-2034,811,1222
-2031,793,1237
-2029,778,1250
-2028,771,1257
-2027,760,1266
-2024,745,1279
-2023,738,1285
-2021,727,1294
-2019,712,1306
-2017,704,1312
-2015,694,1321
-2014,686,1327
-2012,678,1334
-2011,670,1340
-2009,660,1348
-2006,647,1358
-2005,644,1360
-2002,629,1373
-2001,626,1375
-1998,610,1387
-1997,606,1391
-1996,603,1393
-1993,592,1401
-1990,579,1411
-1990,576,1413
-1988,568,1419
-1985,557,1427
-1983,550,1433
-1981,542,1439
-1979,534,1445
-1977,526,1450
-1976,523,1453
-1974,515,1458
-1972,507,1464
-1969,499,1470
-1966,488,1477
-1964,480,1483
-1962,472,1489
-1959,465,1494
-1956,453,1502
-1954,446,1508
-1951,438,1513
-1950,433,1516
-1949,430,1518
-1945,419,1526
-1943,411,1531
-1940,403,1537
-1937,395,1542
-1934,384,1550
-1931,376,1555
-1928,367,1560
-1925,359,1566
-1922,348,1573
-1919,340,1578
-1916,332,1583
-1913,324,1588
-1909,313,1595
-1904,300,1604
-1903,297,1606
-1896,278,1618
-1893,270,1623
-1890,262,1628
-1886,253,1632
-1882,242,1639
-1879,234,1644
-1876,226,1649
-1868,207,1660
-1864,199,1665
-1861,190,1670
-1853,171,1681
-1849,163,1686
-1846,155,1690
-1837,135,1701
-1834,127,1706
-1830,119,1710
-1821,100,1721
-1817,92,1725
-1814,83,1730
-1805,64,1740
-1797,48,1749
-1793,40,1753
-1787,28,1759
-1779,12,1767
-1770,-6,1777
-1766,-15,1781
-1751,-42,1794
-1747,-50,1798
-1743,-58,1802
-1733,-78,1811
-1724,-94,1819
-1713,-114,1827
-1704,-130,1835
-1693,-149,1843
-1684,-166,1850
-1673,-185,1859
-1652,-221,1873
-1647,-229,1877
-1631,-256,1887
-1621,-272,1894
-1609,-291,1901
-1587,-327,1914
-1582,-335,1917
-1564,-362,1926
-1541,-397,1938
-1535,-405,1941
-1517,-432,1949
-1506,-448,1954
-1493,-467,1960
-1468,-502,1970
-1456,-518,1974
-1443,-536,1980
-1431,-552,1984
-1417,-571,1988
-1391,-605,1997
-1385,-613,1998
-1373,-628,2002
-1365,-639,2004
-1346,-662,2009
-1338,-673,2011
-1325,-688,2014
-1311,-707,2018
-1304,-714,2019
-1283,-740,2023
-1276,-748,2025
-1264,-763,2027
-1255,-773,2029
-1242,-788,2031
-1226,-806,2033
-1220,-814,2034
-1207,-829,2036
-1198,-839,2037
-1184,-854,2039
-1168,-871,2040
-1162,-879,2041
-1148,-893,2042
-1139,-904,2043
-1109,-936,2045
-1102,-943,2045
-1095,-950,2046
-1079,-967,2046
-1048,-999,2047
-1041,-1006,2047
-1017,-1030,2047
-986,-1060,2047
-955,-1091,2046
-923,-1121,2044
-891,-1151,2042
-826,-1209,2036
-793,-1238,2031
-760,-1266,2027
-727,-1294,2021
-693,-1321,2015
-686,-1328,2014
-659,-1349,2008
-652,-1355,2007
-626,-1375,2001
-618,-1381,2000
-610,-1387,1998
-591,-1401,1993
-584,-1407,1992
-576,-1413,1990
-557,-1427,1985
-549,-1433,1983
-541,-1439,1981
-534,-1445,1979
-523,-1453,1976
-515,-1458,1974
-507,-1464,1972
-491,-1476,1967
-488,-1478,1966
-480,-1483,1964
-472,-1489,1962
-464,-1495,1959
-453,-1502,1956
-445,-1508,1953
-437,-1513,1951
-429,-1519,1949
-421,-1524,1946
-418,-1526,1945
-410,-1532,1942
-402,-1537,1940
-394,-1542,1937
-383,-1550,1934
-378,-1553,1932
-375,-1555,1931
-359,-1566,1925
-351,-1571,1923
-348,-1573,1922
-340,-1578,1919
-332,-1583,1916
-324,-1589,1913
-316,-1594,1910
-313,-1596,1909
-300,-1604,1904
-297,-1606,1903
-280,-1616,1897
-277,-1618,1896
-269,-1623,1893
-261,-1628,1889
-253,-1633,1886
-242,-1639,1882
-234,-1644,1879
-229,-1647,1877
-226,-1649,1875
-210,-1659,1869
-206,-1661,1867
-193,-1668,1862
-190,-1670,1861
-171,-1681,1853
-163,-1686,1849
-155,-1691,1846
-146,-1695,1842
-138,-1700,1838
-135,-1701,1837
-119,-1710,1830
-111,-1715,1826
-99,-1721,1821
-91,-1725,1817
-83,-1730,1813
-64,-1740,1804
-56,-1744,1800
-47,-1749,1797
-39,-1753,1793
-28,-1759,1787
-12,-1767,1779
7,-1777,1769
15,-1781,1765
23,-1785,1761
43,-1794,1751
51,-1798,1747
59,-1802,1743
78,-1811,1732
95,-1819,1724
114,-1828,1713
122,-1831,1709
130,-1835,1704
150,-1843,1693
166,-1850,1684
185,-1859,1673
202,-1865,1663
221,-1873,1652
229,-1877,1647
256,-1888,1631
264,-1891,1626
273,-1894,1621
292,-1901,1609
308,-1907,1599
327,-1914,1586
343,-1920,1576
362,-1926,1564
378,-1932,1553
397,-1938,1540
413,-1943,1530
432,-1950,1517
440,-1952,1511
448,-1954,1506
467,-1960,1492
483,-1965,1481
502,-1970,1468
510,-1972,1462
518,-1975,1456
537,-1980,1442
552,-1984,1431
571,-1988,1417
579,-1990,1411
595,-1994,1399
605,-1997,1391
613,-1998,1385
629,-2002,1373
639,-2004,1364
655,-2008,1352
673,-2011,1338
681,-2013,1331
689,-2014,1325
707,-2018,1310
715,-2019,1304
730,-2022,1291
740,-2023,1283
756,-2026,1270
774,-2029,1255
789,-2031,1242
807,-2033,1226
814,-2034,1220
839,-2037,1197
847,-2038,1191
872,-2040,1168
879,-2041,1161
904,-2043,1139
936,-2045,1109
968,-2046,1078
999,-2047,1048
1030,-2047,1017
1061,-2047,986
1091,-2046,954
1121,-2044,923
1151,-2042,891
1180,-2039,858
1187,-2038,851
1200,-2037,836
1209,-2035,826
1222,-2034,811
1238,-2031,793
1251,-2029,778
1257,-2028,770
1266,-2027,760
1273,-2025,752
1279,-2024,745
1285,-2023,737
1294,-2021,726
1307,-2018,711
1313,-2017,704
1319,-2016,696
1322,-2015,693
1328,-2014,685
1334,-2012,678
1340,-2011,670
1349,-2008,659
1355,-2007,651
1361,-2005,644
1367,-2004,636
1373,-2002,628
1375,-2001,625
1381,-1999,617
1387,-1998,610
1393,-1996,602
1399,-1994,594
1402,-1993,591
1411,-1990,578
1414,-1990,575
1419,-1988,568
1425,-1986,560
1428,-1985,557
1433,-1983,549
1439,-1981,541
1445,-1979,533
1449,-1977,528
1453,-1976,522
1459,-1974,514
1464,-1971,506
1470,-1969,499
1474,-1968,494
1478,-1966,488
1484,-1964,480
1489,-1961,472
1495,-1959,464
1500,-1957,456
1502,-1956,453
1508,-1953,445
1513,-1951,437
1519,-1948,429
1527,-1945,418
1532,-1942,410
1537,-1940,402
1539,-1939,400
1543,-1937,394
1550,-1933,383
1555,-1931,375
1561,-1928,367
1566,-1925,359
1573,-1921,348
1578,-1919,340
1584,-1916,332
1589,-1913,324
1596,-1909,312
1601,-1906,304
1611,-1900,288
1618,-1896,277
1623,-1892,269
1628,-1889,261
1640,-1882,242
1645,-1878,233
1649,-1875,225
1661,-1867,206
1666,-1864,198
1670,-1861,190
1681,-1852,170
1691,-1845,154
1702,-1837,135
1706,-1833,127
1711,-1830,119
1721,-1821,99
1726,-1817,91
1740,-1804,63
1745,-1800,55
1753,-1793,39
1759,-1787,28
1771,-1775,3
1777,-1769,-7
1794,-1751,-43
1802,-1743,-59
1811,-1732,-79
1819,-1724,-95
1828,-1713,-114
1835,-1704,-131
1844,-1693,-150
1854,-1679,-174
1859,-1673,-186
1874,-1652,-221
1880,-1642,-237
1888,-1630,-257
1901,-1609,-292
1914,-1586,-327
1920,-1576,-344
1927,-1563,-363
1938,-1540,-398
1950,-1516,-433
1952,-1511,-441
1960,-1492,-468
1972,-1462,-510
1970,-1467,-502
1980,-1442,-537
1984,-1431,-553
1989,-1417,-571
1997,-1391,-606
1999,-1385,-613
2004,-1364,-640
2006,-1358,-647
2011,-1337,-674
2013,-1331,-681
2018,-1310,-707
2019,-1304,-715
2022,-1291,-730
2023,-1282,-741
2026,-1270,-756
2029,-1254,-774
2031,-1241,-789
2033,-1226,-807
2034,-1219,-814
2036,-1206,-829
2037,-1197,-840
2039,-1184,-854
2040,-1168,-872
2041,-1161,-879
2042,-1148,-894
2043,-1138,-904
2044,-1125,-919
2045,-1108,-936
2046,-1095,-951
2047,-1078,-968
2047,-1057,-989
2047,-1048,-999
2047,-1034,-1013
2047,-1017,-1030
2047,-986,-1061
2046,-954,-1091
2046,-947,-1098
2044,-922,-1121
2039,-858,-1181
2031,-792,-1238
2026,-759,-1267
2021,-726,-1294
2015,-693,-1322
2014,-685,-1328
2008,-659,-1349
2005,-643,-1361
2003,-636,-1367
2001,-625,-1376
1996,-602,-1394
1993,-591,-1402
1989,-575,-1414
1987,-567,-1420
1985,-556,-1428
1983,-549,-1434
1979,-533,-1445
1976,-525,-1451
1976,-522,-1453
1971,-506,-1465
1969,-498,-1470
1966,-487,-1478
1964,-479,-1484
1961,-471,-1489
1959,-464,-1495
1956,-453,-1503
1953,-445,-1508
1951,-437,-1514
1948,-429,-1519
1946,-421,-1525
1945,-418,-1527
1942,-410,-1532
1940,-402,-1538
1937,-394,-1543
1933,-383,-1550
1931,-375,-1556
1929,-370,-1559
1928,-366,-1561
1925,-358,-1566
1921,-347,-1573
1918,-339,-1579
1917,-334,-1582
1916,-331,-1584
1910,-315,-1594
1909,-312,-1596
1906,-304,-1601
1903,-296,-1606
1900,-288,-1611
1897,-280,-1616
1895,-277,-1618
1892,-269,-1623
1889,-261,-1628
1886,-252,-1633
1882,-241,-1640
1878,-233,-1645
1876,-228,-1648
1875,-225,-1650
1872,-217,-1654
1867,-206,-1661
1864,-198,-1666
1860,-189,-1670
1857,-181,-1675
1852,-170,-1682
1849,-162,-1686
1845,-154,-1691
1842,-146,-1695
1837,-134,-1702
1833,-126,-1706
1829,-118,-1711
1826,-110,-1715
1821,-99,-1721
1817,-91,-1726
1813,-82,-1730
1809,-74,-1735
1804,-63,-1741
1800,-55,-1745
1798,-50,-1747
1792,-39,-1753
1787,-27,-1759
1779,-11,-1767
1775,-3,-1771
1769,7,-1777
1761,24,-1785
1757,32,-1789
1751,43,-1795
1747,51,-1798
1738,68,-1806
1732,79,-1812
1728,87,-1815
1719,103,-1823
1713,115,-1828
1704,131,-1835
1693,150,-1844
1688,158,-1847
1679,175,-1854
1673,186,-1859
1663,202,-1866
1652,222,-1874
1647,230,-1877
1637,246,-1883
1630,257,-1888
1615,281,-1897
1608,292,-1901
1598,309,-1907
1586,328,-1914
1576,344,-1920
1563,363,-1927
1558,371,-1929
1547,387,-1935
1540,398,-1939
1529,414,-1944
1516,433,-1950
1511,441,-1952
1492,468,-1960
1486,476,-1963
1475,492,-1967
1467,503,-1970
1456,519,-1975
1442,537,-1980
1436,545,-1982
1424,561,-1986
1416,572,-1989
1405,587,-1992
1390,606,-1997
1384,614,-1999
1378,622,-2000
1364,640,-2004
1352,655,-2008
1337,674,-2011
1331,682,-2013
1325,689,-2014
1310,708,-2018
1297,723,-2020
1282,741,-2024
1276,749,-2025
1263,764,-2027
1254,774,-2029
1241,789,-2031
1226,807,-2033
1212,822,-2035
1197,840,-2037
1183,855,-2039
1168,872,-2040
1138,905,-2043
1124,919,-2044
1108,937,-2045
1078,968,-2047
1047,999,-2047
1016,1031,-2047
985,1061,-2047
978,1068,-2047
954,1092,-2046
922,1122,-2044
890,1151,-2042
883,1158,-2041
858,1181,-2039
850,1188,-2038
825,1210,-2035
818,1216,-2035
803,1230,-2033
792,1239,-2031
777,1251,-2029
770,1258,-2028
759,1267,-2026
747,1277,-2024
744,1280,-2024
726,1295,-2021
718,1301,-2020
711,1307,-2018
695,1320,-2016
692,1322,-2015
685,1328,-2013
677,1335,-2012
661,1347,-2009
659,1349,-2008
649,1357,-2006
643,1361,-2005
635,1368,-2003
625,1376,-2001
617,1382,-1999
609,1388,-1998
601,1394,-1996
593,1400,-1994
590,1402,-1993
578,1412,-1990
575,1414,-1989
567,1420,-1987
556,1428,-1985
548,1434,-1983
543,1437,-1981
540,1440,-1981
536,1443,-1979
522,1453,-1976
514,1459,-1973
506,1465,-1971
498,1471,-1969
487,1478,-1966
479,1484,-1964
474,1487,-1962
471,1490,-1961
455,1501,-1957
452,1503,-1956
444,1509,-1954
436,1514,-1951
428,1519,-1948
417,1527,-1945
409,1532,-1942
401,1538,-1940
393,1543,-1937
385,1548,-1934
382,1551,-1933
366,1561,-1928
364,1562,-1927
347,1574,-1921
339,1579,-1918
334,1582,-1917
331,1584,-1915
312,1596,-1908
304,1601,-1906
296,1606,-1903
288,1611,-1900
279,1616,-1896
276,1618,-1895
260,1628,-1889
252,1633,-1886
241,1640,-1881
225,1650,-1875
217,1655,-1872
205,1661,-1867
197,1666,-1864
189,1671,-1860
170,1682,-1852
162,1686,-1849
154,1691,-1845
134,1702,-1837
126,1707,-1833
110,1715,-1826
98,1722,-1821
90,1726,-1817
74,1735,-1809
63,1741,-1804
55,1745,-1800
38,1753,-1792
27,1759,-1787
11,1768,-1779
-8,1777,-1769
-24,1785,-1761
-32,1789,-1757
-44,1795,-1751
-60,1803,-1742
-79,1812,-1732
-96,1819,-1723
-115,1828,-1713
-128,1834,-1705
-151,1844,-1693
-167,1851,-1683
-186,1859,-1672
-203,1866,-1663
-222,1874,-1651
-238,1880,-1642
-257,1888,-1630
-293,1901,-1608
-328,1914,-1586
-336,1917,-1581
-363,1927,-1563
-379,1932,-1552
-398,1939,-1540
-433,1950,-1516
-449,1955,-1505
-468,1960,-1492
-503,1970,-1467
-511,1973,-1461
-538,1980,-1442
-546,1982,-1436
-572,1989,-1416
-588,1992,-1404
-606,1997,-1390
-622,2000,-1378
-640,2004,-1364
-648,2006,-1358
-656,2008,-1351
-674,2011,-1337
-690,2014,-1324
-708,2018,-1309
-716,2019,-1303
-731,2022,-1291
-741,2024,-1282
-756,2026,-1269
-775,2029,-1254
-782,2030,-1247
-790,2031,-1241
-797,2032,-1234
-807,2033,-1225
-830,2036,-1206
-840,2037,-1196
-855,2039,-1183
-873,2040,-1167
-880,2041,-1161
-895,2042,-1147
-905,2043,-1138
-919,2044,-1124
-937,2045,-1108
-951,2046,-1094
-968,2047,-1078
-1000,2047,-1047
-1007,2047,-1040
-1031,2047,-1016
-1062,2047,-985
-1122,2044,-922
-1181,2039,-857
-1267,2026,-759
-1295,2021,-725
-1301,2020,-718
-1322,2015,-692
-1335,2012,-677
-1350,2008,-658
-1362,2005,-643
-1368,2003,-635
-1376,2001,-624
-1388,1997,-609
-1394,1996,-601
-1402,1993,-590
-1408,1991,-582
-1420,1987,-567
-1428,1985,-556
-1434,1983,-548
-1440,1981,-540
-1446,1978,-532
-1454,1975,-521
-1457,1974,-516
-1459,1973,-513
-1469,1970,-501
-1471,1969,-498
-1479,1966,-487
-1484,1963,-479
-1490,1961,-471
-1495,1959,-463
-1501,1956,-455
-1503,1955,-452
-1509,1953,-444
-1514,1951,-436
-1520,1948,-428
-1525,1946,-420
-1527,1945,-417
-1533,1942,-409
-1538,1939,-401
-1543,1937,-393
-1549,1934,-385
-1551,1933,-382
-1556,1930,-374
-1561,1928,-366
-1567,1925,-358
-1572,1922,-350
-1574,1921,-347
-1579,1918,-339
-1584,1915,-331
-1589,1912,-323
-1596,1908,-311
-1600,1907,-306
-1602,1905,-303
-1607,1902,-295
-1612,1899,-287
-1619,1895,-276
-1622,1893,-271
-1624,1892,-268
-1629,1889,-260
-1633,1886,-252
-1640,1881,-241
-1645,1878,-232
-1650,1875,-224
-1655,1872,-216
-1660,1868,-208
-1661,1867,-205
-1666,1864,-197
-1671,1860,-189
-1676,1857,-181
-1682,1852,-169
-1687,1848,-161
-1691,1845,-153
-1696,1841,-145
-1702,1836,-134
-1711,1829,-117
-1716,1825,-109
-1722,1820,-98
-1726,1817,-90
-1731,1813,-82
-1735,1809,-74
-1741,1804,-62
-1749,1796,-46
-1754,1792,-38
-1759,1787,-27
-1768,1778,-10
-1772,1774,-2
-1777,1769,8
-1784,1762,21
-1789,1756,33
-1795,1751,44
-1803,1742,60
-1812,1732,80
-1816,1727,88
-1823,1719,104
-1828,1712,115
-1835,1703,132
-1844,1693,151
-1851,1683,167
-1859,1672,187
-1863,1667,195
-1869,1658,211
-1874,1651,222
-1888,1630,258
-1891,1625,266
-1897,1615,282
-1902,1608,293
-1911,1593,317
-1915,1586,328
-1927,1563,364
-1930,1557,372
-1935,1547,388
-1939,1539,399
-1946,1523,423
-1950,1516,434
-1957,1499,458
-1961,1491,469
-1967,1475,492
-1971,1467,503
-1975,1455,519
-1980,1441,538
-1982,1436,546
-1986,1424,562
-1989,1416,572
-1993,1404,588
-1997,1390,607
-2000,1378,622
-2002,1372,630
-2005,1363,641
-2008,1351,656
-2012,1336,675
-2015,1324,690
-2016,1318,698
-2018,1309,708
-2022,1290,731
-2024,1282,742
-2026,1269,757
-2029,1253,775
-2031,1241,790
-2032,1234,797
-2033,1225,808
-2036,1205,830
-2037,1196,841
-2039,1176,863
-2040,1167,873
-2043,1137,905
-2044,1131,912
-2045,1108,937
-2047,1077,969
-2047,1063,983
-2047,1047,1000
-2047,1016,1031
-2047,985,1062
-2046,953,1092
-2044,921,1122
-2042,889,1152
-2041,882,1159
-2039,857,1181
-2037,835,1201
-2035,824,1210
-2033,802,1230
-2031,792,1239
-2029,777,1252
-2026,758,1267
-2025,751,1274
-2023,736,1286
-2021,725,1295
-2018,710,1308
-2017,702,1314
-2015,692,1323
-2013,684,1329
-2010,669,1341
-2008,658,1350
-2007,650,1356
-2005,642,1362
-2003,635,1368
-2001,624,1376
-1999,616,1382
-1997,608,1388
-1996,601,1394
-1993,590,1403
-1991,582,1409
-1989,574,1415
-1987,566,1420
-1984,555,1429
-1982,548,1434
-1980,540,1440
-1978,532,1446
-1975,521,1454
-1973,513,1460
-1971,505,1465
-1969,497,1471
-1967,489,1477
-1966,486,1479
-1963,478,1485
-1959,463,1496
-1956,455,1501
-1955,452,1503
-1950,436,1514
-1951,439,1512
-1948,428,1520
-1944,417,1527
-1942,409,1533
-1939,401,1538
-1937,393,1544
-1933,382,1551
-1928,365,1562
-1925,357,1567
-1922,349,1572
-1921,346,1574
-1915,330,1584
-1912,322,1590
-1908,311,1597
-1905,303,1602
-1902,295,1607
-1899,287,1612
-1895,276,1619
-1889,260,1629
-1886,251,1634
-1881,240,1640
-1878,232,1645
-1875,224,1650
-1867,205,1662
-1863,197,1666
-1857,180,1676
-1852,169,1682
-1848,161,1687
-1841,145,1696
-1836,133,1702
-1829,117,1711
-1825,109,1716
-1820,98,1722
-1813,81,1731
-1804,62,1741
-1800,54,1745
-1792,38,1754
-1786,26,1760
-1778,10,1768
-1769,-8,1778
-1764,-17,1782
-1756,-33,1790
-1750,-44,1795
-1738,-69,1807
-1732,-80,1812
-1712,-116,1828
-1708,-124,1832
-1703,-132,1836
-1692,-151,1844
-1678,-176,1855
-1672,-187,1859
-1651,-223,1874
-1641,-239,1881
-1630,-258,1888
-1608,-293,1902
-1603,-302,1905
-1585,-329,1915
-1563,-364,1927
-1557,-372,1930
-1539,-399,1939
-1515,-434,1950
-1491,-469,1961
-1486,-477,1963
-1466,-504,1971
-1449,-527,1977
-1441,-538,1980
-1416,-573,1989
-1410,-581,1991
-1390,-607,1997
-1378,-622,2001
-1372,-630,2002
-1363,-641,2005
-1336,-675,2012
-1330,-683,2013
-1309,-709,2018
-1303,-716,2019
-1290,-731,2022
-1281,-742,2024
-1269,-757,2026
-1253,-775,2029
-1247,-783,2030
-1234,-798,2032
-1225,-808,2033
-1212,-823,2035
-1196,-841,2037
-1189,-848,2038
-1176,-863,2040
-1167,-873,2040
-1153,-888,2042
-1137,-905,2043
-1130,-913,2044
-1117,-927,2045
-1107,-937,2045
-1077,-969,2047
-1070,-976,2047
-1046,-1000,2047
-1039,-1007,2047
-1016,-1031,2047
-984,-1062,2047
-953,-1093,2046
-921,-1123,2044
-857,-1182,2039
-791,-1239,2031
-758,-1268,2026
-725,-1295,2021
-710,-1308,2018
-691,-1323,2015
-668,-1342,2010
-658,-1350,2008
-634,-1368,2003
-624,-1377,2001
-616,-1383,1999
-600,-1395,1995
-589,-1403,1993
-574,-1415,1989
-566,-1421,1987
-555,-1429,1984
-547,-1435,1982
-539,-1440,1980
-527,-1450,1977
-521,-1454,1975
-513,-1460,1973
-505,-1466,1971
-497,-1471,1969
-486,-1479,1966
-481,-1483,1964
-478,-1485,1963
-462,-1496,1959
-457,-1499,1957
-451,-1504,1955
-443,-1509,1953
-435,-1515,1950
-427,-1520,1948
-421,-1524,1946
-416,-1528,1944
-408,-1533,1942
-400,-1538,1939
-392,-1544,1937
-384,-1549,1934
-381,-1551,1933
-373,-1557,1930
-365,-1562,1927
-357,-1567,1925
-349,-1572,1922
-346,-1574,1921
-338,-1579,1918
-330,-1585,1915
-322,-1590,1912
-314,-1595,1909
-311,-1597,1908
-303,-1602,1905
-295,-1607,1902
-287,-1612,1899
-278,-1617,1896
-275,-1619,1895
-267,-1624,1892
-259,-1629,1889
-251,-1634,1885
-240,-1641,1881
-232,-1646,1878
-224,-1650,1875
-216,-1655,1871
-207,-1660,1868
-204,-1662,1867
-196,-1667,1863
-191,-1669,1861
-180,-1676,1856
-169,-1682,1852
-161,-1687,1848
-152,-1692,1845
-144,-1696,1841
-133,-1703,1836
-125,-1707,1833
-117,-1712,1829
-109,-1716,1825
-97,-1722,1820
-81,-1731,1813
-73,-1735,1809
-62,-1741,1803
-54,-1745,1800
-45,-1750,1796
-37,-1754,1792
-26,-1760,1786
-18,-1764,1782
-1,-1772,1774
9,-1778,1768
17,-1782,1764
33,-1790,1756
45,-1795,1750
53,-1799,1746
69,-1807,1737
80,-1812,1731
97,-1820,1723
105,-1823,1718
116,-1829,1712
140,-1839,1698
152,-1844,1692
168,-1851,1683
187,-1860,1672
195,-1863,1667
223,-1874,1651
231,-1877,1646
239,-1881,1641
258,-1888,1629
275,-1895,1620
294,-1902,1608
310,-1908,1597
329,-1915,1585
337,-1918,1580
364,-1927,1562
372,-1930,1557
388,-1935,1546
399,-1939,1539
415,-1944,1528
434,-1950,1515
450,-1955,1504
469,-1961,1491
477,-1963,1485
493,-1968,1474
504,-1971,1466
520,-1975,1455
539,-1980,1441
547,-1982,1435
562,-1986,1424
573,-1989,1415
589,-1993,1404
596,-1995,1398
607,-1997,1389
623,-2001,1377
641,-2005,1363
649,-2006,1357
664,-2010,1345
675,-2012,1336
683,-2013,1330
706,-2017,1311
709,-2018,1309
732,-2022,1290
742,-2024,1281
750,-2025,1275
765,-2027,1262
775,-2029,1253
798,-2032,1233
808,-2033,1224
831,-2036,1205
841,-2037,1196
863,-2040,1176
874,-2041,1166
906,-2043,1137
938,-2045,1107
969,-2047,1077
1001,-2047,1046
1032,-2047,1015
1062,-2047,984
1123,-2044,921
1153,-2042,889
1159,-2041,881
1182,-2039,856
1202,-2036,834
1211,-2035,824
1231,-2032,801
1240,-2031,791
1253,-2029,776
1259,-2028,768
1268,-2026,758
1281,-2024,743
1287,-2023,735
1296,-2021,725
1302,-2019,717
1315,-2017,702
1323,-2015,691
1329,-2013,683
1336,-2012,676
1342,-2010,668
1350,-2008,657
1356,-2006,649
1363,-2005,642
1369,-2003,634
1377,-2001,623
1383,-1999,615
1389,-1997,608
1393,-1996,603
1395,-1995,600
1403,-1993,589
1409,-1991,581
1415,-1989,573
1421,-1987,566
1427,-1985,558
1429,-1984,555
1435,-1982,547
1441,-1980,539
1446,-1978,531
1454,-1975,520
1460,-1973,512
1466,-1971,505
1472,-1969,497
1475,-1967,492
1479,-1965,486
1485,-1963,478
1488,-1962,473
1496,-1959,462
1504,-1955,451
1509,-1953,443
1515,-1950,435
1520,-1948,427
1528,-1944,416
1533,-1942,408
1539,-1939,400
1537,-1940,403
1551,-1933,381
1557,-1930,373
1562,-1927,365
1567,-1925,357
1575,-1921,346
1580,-1918,338
1585,-1915,330
1590,-1912,322
1597,-1908,310
1602,-1905,302
1612,-1899,286
1619,-1895,275
1624,-1892,267
1634,-1885,251
1641,-1881,240
1651,-1874,223
1662,-1867,204
1667,-1863,196
1676,-1856,180
1683,-1852,168
1692,-1845,152
1703,-1836,133
1707,-1832,125
1722,-1820,97
1727,-1816,89
1735,-1809,73
1741,-1803,61
1750,-1795,45
1760,-1786,26
1778,-1768,-9
1782,-1764,-17
1795,-1750,-45
1799,-1746,-53
1812,-1731,-81
1816,-1727,-89
1829,-1712,-116
1844,-1692,-152
1848,-1687,-160
1860,-1672,-188
1874,-1651,-223
1884,-1636,-247
1888,-1629,-259
1902,-1607,-294
1915,-1585,-329
1927,-1562,-365
1939,-1539,-400
1950,-1515,-435
1961,-1491,-470
1963,-1485,-478
1971,-1466,-504
1980,-1441,-539
1989,-1415,-573
1991,-1409,-581
1997,-1389,-608
1999,-1383,-615
2005,-1363,-642
2006,-1357,-649
2012,-1336,-675
2013,-1330,-683
2018,-1308,-709
2019,-1302,-717
2022,-1290,-732
2024,-1281,-743
2026,-1268,-758
2029,-1253,-776
2030,-1246,-783
2031,-1240,-791
2033,-1224,-809
2034,-1218,-816
2036,-1205,-831
2037,-1195,-841
2040,-1175,-864
2040,-1169,-871
2041,-1166,-874
2042,-1146,-896
2043,-1137,-906
2044,-1123,-921
2045,-1107,-938
2046,-1100,-945
2047,-1076,-970
2047,-1056,-991
2047,-1046,-1001
2047,-1015,-1032
2047,-984,-1063
2046,-952,-1093
2026,-758,-1268
2021,-724,-1296
2015,-691,-1323
2013,-683,-1330
2010,-668,-1342
2008,-657,-1351
2006,-649,-1357
2001,-623,-1377
2000,-618,-1381
1999,-615,-1383
1995,-600,-1395
1993,-589,-1403
1991,-581,-1409
1989,-573,-1415
1987,-565,-1421
1984,-554,-1429
1983,-550,-1433
1982,-547,-1435
1980,-539,-1441
1978,-531,-1447
1975,-520,-1455
1974,-515,-1458
1973,-512,-1460
1971,-504,-1466
1969,-496,-1472
1965,-485,-1480
1964,-480,-1483
1963,-479,-1484
1963,-477,-1485
1961,-469,-1491
1958,-462,-1496
1955,-451,-1504
1954,-447,-1507
1953,-443,-1510
1950,-435,-1515
1949,-430,-1518
1948,-427,-1521
1944,-416,-1528
1943,-412,-1531
1942,-408,-1534
1940,-403,-1537
1939,-400,-1539
1934,-384,-1550
1933,-381,-1552
1931,-377,-1555
1930,-373,-1557
1928,-368,-1560
1927,-364,-1562
1921,-345,-1575
1919,-340,-1578
1918,-339,-1579
1918,-337,-1580
1915,-329,-1585
1912,-321,-1590
1908,-310,-1597
1906,-305,-1600
1905,-303,-1601
1905,-302,-1602
1902,-294,-1607
1899,-286,-1613
1895,-275,-1619
