858,-2039,1181
843,-2037,1194
833,-2036,1203
825,-2035,1210
810,-2034,1223
800,-2032,1232
785,-2030,1245
83,-1813,1730
47,-1796,1749
11,-1779,1767
-24,-1761,1785
-59,-1742,1802
472,-1961,1489
-95,-1723,1819
-123,-1708,1832
-131,-1704,1835
-158,-1688,1847
-166,-1684,1851
-194,-1668,1862
-202,-1663,1866
-221,-1652,1874
-230,-1647,1877
-238,-1642,1880
-265,-1625,1891
-273,-1620,1894
-284,-1613,1898
-300,-1603,1904
-308,-1598,1907
-320,-1591,1911
-336,-1581,1917
-347,-1574,1921
-344,-1576,1920
-371,-1558,1929
-374,-1556,1930
-379,-1553,1932
-390,-1545,1936
-406,-1535,1941
-414,-1529,1944
-425,-1522,1947
-441,-1511,1952
-444,-1509,1953
-449,-1505,1955
-460,-1497,1958
-468,-1492,1960
-476,-1486,1963
-484,-1481,1965
-495,-1473,1968
-503,-1467,1970
-511,-1461,1973
-518,-1456,1975
-529,-1448,1978
-545,-1436,1982
-543,-1438,1981
-553,-1430,1984
-564,-1422,1987
-572,-1416,1989
-579,-1411,1991
-587,-1405,1992
-593,-1400,1994
-598,-1396,1995
-606,-1390,1997
-614,-1384,1999
-621,-1378,2000
-632,-1370,2003
-635,-1368,2003
-648,-1358,2006
-655,-1352,2008
-658,-1349,2008
-666,-1343,2010
-674,-1337,2011
-681,-1331,2013
-689,-1325,2014
-692,-1322,2015
-700,-1316,2016
-703,-1314,2017
-707,-1310,2018
-715,-1304,2019
-723,-1297,2020
-733,-1288,2022
-732,-1290,2022
-741,-1282,2024
-748,-1276,2025
-756,-1269,2026
-759,-1267,2026
-767,-1260,2028
-774,-1254,2029
-777,-1252,2029
-782,-1248,2030
-789,-1241,2031
-787,-1243,2031
-800,-1232,2032
-807,-1226,2033
-810,-1223,2034
-815,-1219,2034
-822,-1213,2035
-832,-1203,2036
-955,-1091,2046
-840,-1197,2037
-847,-1190,2038
-855,-1184,2039
-858,-1181,2039
-856,-1182,2039
-865,-1174,2040
-872,-1168,2040
-875,-1165,2041
-887,-1154,2042
-881,-1160,2041
-890,-1152,2042
-897,-1145,2043
-904,-1138,2043
-907,-1135,2043
-912,-1131,2044
-919,-1124,2044
-929,-1115,2045
-925,-1119,2044
-932,-1112,2045
-936,-1108,2045
-951,-1094,2046
-946,-1099,2046
-954,-1092,2046
-961,-1085,2046
-968,-1078,2047
-964,-1082,2046
-975,-1071,2047
-982,-1064,2047
-985,-1061,2047
-984,-1063,2047
-992,-1054,2047
-999,-1047,2047
-1007,-1040,2047
-1014,-1033,2047
-1016,-1031,2047
-1019,-1028,2047
-1023,-1024,2047
-1037,-1009,2047
-1044,-1002,2047
-1043,-1004,2047
-1054,-992,2047
-1050,-997,2047
-1061,-985,2047
-1068,-978,2047
-1075,-971,2047
-1074,-973,2047
-1085,-961,2046
-1092,-954,2046
-1098,-947,2046
-1105,-939,2045
-1108,-937,2045
-1115,-929,2045
-1122,-922,2044
-1135,-908,2043
-1138,-905,2043
-1145,-897,2043
-1147,-895,2042
-1730,-82,1813
-1767,-11,1779
-1785,24,1761
-1802,60,1742
-1819,95,1723
-1606,-296,1903
-1835,131,1704
-1223,-810,2034
-1851,167,1684
-1538,-401,1940
-1866,202,1663
-1514,-436,1951
-1490,-471,1961
-1880,238,1642
-1440,-541,1981
-1414,-575,1989
-1894,273,1620
-1901,293,1608
-1904,301,1603
-1907,309,1598
-1914,328,1586
-1917,336,1581
-1920,344,1576
-1927,363,1563
-1930,371,1558
-1932,379,1552
-1936,390,1545
-1941,406,1534
-1942,409,1532
-1944,414,1529
-1947,425,1521
-1952,441,1510
-1956,452,1503
-1955,449,1505
-1960,468,1492
-1963,476,1486
-1966,487,1478
-1965,484,1480
-1970,503,1467
-1973,511,1461
-1975,519,1456
-1978,530,1448
-1979,533,1445
-1980,538,1442
-1982,545,1436
-1984,553,1430
-1987,564,1422
-1989,572,1416
-1991,580,1410
-1992,588,1404
-1994,594,1400
-1997,606,1390
-1999,614,1384
-2000,622,1378
-2002,628,1373
-2003,633,1370
-2004,640,1364
-2006,648,1358
-2008,656,1351
-2008,659,1349
-2010,666,1343
-2011,674,1337
-2013,682,1331
-2014,689,1324
-2016,695,1320
-2016,700,1316
-2018,708,1310
-2019,715,1303
-2021,723,1297
-2021,726,1295
-2022,734,1288
-2024,741,1282
-2025,749,1276
-2026,756,1269
-2026,759,1267
-2028,767,1260
-2029,774,1254
-2029,777,1251
-2030,782,1247
-2031,789,1241
-2032,800,1232
-2033,803,1229
-2033,807,1225
-2034,815,1219
-2035,822,1212
-2035,825,1210
-2036,833,1203
-2037,840,1197
-2037,843,1194
-2039,855,1183
-2039,858,1181
-2039,861,1178
-2040,873,1167
-2041,875,1165
-2041,880,1161
-2042,887,1154
-2042,893,1149
-2043,897,1145
-2043,905,1138
-2043,908,1135
-2044,912,1131
-2044,919,1124
-2044,925,1119
-2045,929,1115
-2045,937,1108
-2045,944,1101
-2046,947,1098
-2046,951,1094
-2046,961,1085
-2047,968,1078
-2047,978,1068
-2047,976,1071
-2047,983,1064
-2047,998,1049
-2047,993,1054
-2047,1000,1047
-2047,1007,1040
-2047,1010,1037
-2047,1014,1033
-2048,1024,1023
-2047,1031,1016
-2047,1038,1009
-2047,1048,999
-2047,1045,1002
-2047,1055,992
-2047,1061,985
-2047,1068,978
-2047,1078,968
-2047,1075,971
-2046,1085,961
-2046,1099,946
-2045,1101,944
-2045,1106,939
-2045,1115,929
-2044,1129,915
-2043,1136,907
-2042,1148,894
-2042,1152,890
-2041,1158,882
-2041,1165,875
-2040,1174,865
-2038,1188,850
-2037,1194,843
-2034,1217,817
-2034,1223,810
-2031,1239,792
-2030,1245,784
-1860,1671,189
-1829,1711,118
-1813,1730,82
-1796,1749,46
-1779,1768,10
-1765,1781,-16
-1761,1785,-24
-1746,1799,-52
-1742,1803,-60
-1723,1819,-96
-1717,1824,-107
-1708,1832,-123
-1703,1835,-131
-1688,1847,-159
-1683,1851,-167
-1672,1859,-187
-1667,1863,-195
-1663,1866,-203
-1651,1874,-222
-1646,1877,-230
-1642,1880,-238
-1630,1888,-258
-1625,1891,-266
-1620,1894,-274
-1608,1902,-293
-1603,1905,-301
-1598,1908,-309
-1591,1912,-320
-1586,1915,-328
-1581,1917,-336
-1575,1920,-344
-1568,1924,-356
-1558,1930,-372
-1555,1931,-375
-1552,1932,-380
-1545,1936,-391
-1539,1939,-399
-1534,1941,-407
-1529,1944,-415
-1521,1947,-426
-1516,1950,-434
-1510,1952,-442
-1505,1955,-450
-1497,1958,-461
-1491,1961,-469
-1486,1963,-477
-1480,1965,-484
-1472,1968,-495
-1470,1969,-498
-1467,1971,-503
-1461,1973,-511
-1455,1975,-519
-1447,1978,-530
-1445,1979,-533
-1442,1980,-538
-1436,1982,-546
-1430,1984,-554
-1422,1987,-564
-1420,1988,-568
-1410,1991,-580
-1408,1991,-583
-1404,1993,-588
-1396,1995,-599
-1394,1996,-602
-1390,1997,-607
-1384,1999,-614
-1379,2000,-620
-1378,2000,-622
-1370,2003,-633
-1365,2004,-639
-1363,2005,-641
-1357,2006,-648
-1351,2008,-656
-1346,2009,-662
-1343,2010,-667
-1337,2012,-674
-1334,2012,-677
-1330,2013,-682
-1324,2014,-690
-1319,2016,-696
-1316,2016,-700
-1309,2018,-708
-1303,2019,-716
-1301,2020,-719
-1297,2021,-723
-1294,2021,-726
-1288,2022,-734
-1285,2023,-737
-1282,2024,-742
-1275,2025,-749
-1269,2026,-757
-1264,2027,-763
-1260,2028,-767
-1255,2029,-773
-1251,2029,-778
-1247,2030,-782
-1245,2030,-785
-1241,2031,-790
-1238,2031,-793
-1233,2032,-799
-1232,2032,-800
-1225,2033,-808
-1219,2034,-815
-1213,2035,-821
-1212,2035,-823
-1203,2036,-833
-1198,2037,-839
-1200,2037,-836
-1196,2037,-840
-1190,2038,-848
-1184,2039,-854
-1183,2039,-855
-1174,2040,-866
-1171,2040,-868
-1164,2041,-876
-1160,2041,-880
-1155,2042,-886
-1154,2042,-888
-1151,2042,-890
-1144,2043,-898
-1142,2043,-901
-1138,2043,-905
-1131,2044,-912
-1125,2044,-918
-1124,2044,-920
-1119,2044,-925
-1114,2045,-930
-1108,2045,-937
-1105,2045,-940
-1101,2046,-944
-1095,2046,-950
-1094,2046,-951
-1084,2046,-961
-1082,2046,-964
-1077,2047,-969
-1070,2047,-976
-1065,2047,-981
-1063,2047,-983
-1054,2047,-993
-1051,2047,-996
-1047,2047,-1000
-1040,2047,-1007
-1033,2047,-1014
-1030,2047,-1017
-1023,2047,-1024
-1020,2047,-1027
-1016,2047,-1031
-1009,2047,-1038
-1002,2047,-1045
-996,2047,-1051
-992,2047,-1055
-978,2047,-1069
-975,2047,-1071
-117,1829,-1711
-82,1813,-1731
-46,1796,-1750
-10,1778,-1768
-939,2045,-1106
25,1760,-1786
52,1746,-1799
60,1742,-1803
-436,1951,-1514
96,1723,-1819
-471,1961,-1490
132,1703,-1836
-505,1971,-1465
-540,1980,-1440
167,1683,-1851
-574,1989,-1414
-608,1997,-1388
203,1663,-1866
-710,2018,-1308
231,1646,-1877
239,1641,-1881
250,1635,-1885
258,1630,-1888
266,1625,-1891
274,1620,-1894
285,1613,-1899
301,1603,-1905
309,1598,-1908
321,1591,-1912
332,1583,-1916
337,1580,-1918
345,1575,-1920
356,1568,-1924
373,1556,-1930
372,1557,-1930
380,1552,-1932
391,1545,-1936
399,1539,-1939
407,1534,-1941
415,1528,-1944
426,1521,-1948
432,1517,-1949
442,1510,-1952
450,1504,-1955
461,1497,-1958
467,1492,-1960
477,1486,-1963
485,1480,-1965
496,1472,-1968
499,1470,-1969
512,1461,-1973
519,1455,-1975
522,1453,-1976
530,1447,-1978
538,1441,-1980
546,1435,-1982
554,1430,-1984
565,1422,-1987
568,1419,-1988
573,1416,-1989
588,1404,-1993
591,1402,-1993
599,1396,-1995
602,1393,-1996
615,1384,-1999
618,1381,-1999
622,1378,-2001
633,1369,-2003
636,1367,-2004
649,1357,-2006
656,1351,-2008
659,1349,-2008
667,1342,-2010
670,1340,-2011
682,1330,-2013
690,1324,-2015
693,1322,-2015
701,1315,-2017
704,1313,-2017
716,1303,-2019
719,1300,-2020
724,1296,-2021
734,1288,-2022
737,1285,-2023
742,1281,-2024
749,1275,-2025
757,1269,-2026
763,1264,-2027
767,1260,-2028
775,1253,-2029
783,1247,-2030
786,1244,-2030
790,1240,-2031
801,1231,-2032
808,1225,-2033
815,1218,-2034
818,1216,-2035
823,1212,-2035
826,1209,-2036
833,1203,-2036
841,1196,-2037
848,1189,-2038
856,1183,-2039
858,1180,-2039
866,1173,-2040
869,1171,-2040
873,1167,-2040
881,1160,-2041
888,1153,-2042
898,1144,-2043
896,1145,-2042
905,1137,-2043
913,1130,-2044
920,1124,-2044
923,1121,-2044
930,1114,-2045
937,1107,-2045
945,1100,-2046
952,1094,-2046
962,1084,-2046
960,1086,-2046
965,1081,-2046
976,1070,-2047
983,1063,-2047
986,1060,-2047
993,1054,-2047
1000,1047,-2047
1007,1040,-2047
1014,1032,-2047
1024,1023,-2047
1031,1016,-2047
1034,1013,-2047
1045,1001,-2047
1055,992,-2047
1058,989,-2047
1069,977,-2047
1072,975,-2047
1076,970,-2047
1086,960,-2046
1099,946,-2046
1106,939,-2045
1116,928,-2045
1129,914,-2044
1136,907,-2043
1146,896,-2042
1152,889,-2042
1166,874,-2041
1175,864,-2040
1188,849,-2038
1195,842,-2037
1624,267,-1892
1692,153,-1845
1711,117,-1829
1731,81,-1813
1750,45,-1796
1768,10,-1778
1782,-17,-1764
1786,-25,-1760
1799,-53,-1746
1803,-61,-1742
1816,-88,-1727
1820,-96,-1723
1828,-116,-1712
1836,-132,-1703
1841,-143,-1697
1848,-160,-1688
1851,-168,-1683
1860,-187,-1672
1863,-195,-1667
1866,-203,-1662
1874,-223,-1651
1881,-239,-1641
1885,-250,-1634
1888,-258,-1630
1891,-266,-1625
1895,-274,-1620
1900,-289,-1611
1905,-302,-1603
1908,-310,-1597
1912,-321,-1590
1918,-337,-1580
1919,-340,-1578
1920,-345,-1575
1927,-364,-1562
1930,-372,-1557
1933,-380,-1552
1936,-391,-1544
1942,-407,-1534
1943,-410,-1532
1944,-415,-1528
1948,-426,-1521
1953,-442,-1510
1954,-445,-1508
1955,-450,-1504
1958,-461,-1497
1961,-469,-1491
1963,-477,-1485
1965,-485,-1480
1968,-496,-1472
1971,-504,-1466
1973,-512,-1461
1975,-520,-1455
1978,-531,-1447
1980,-539,-1441
1982,-546,-1435
1984,-554,-1429
1987,-565,-1421
1988,-568,-1419
1989,-573,-1415
1991,-581,-1410
1993,-589,-1404
1995,-599,-1395
1996,-602,-1393
1999,-615,-1383
2000,-618,-1381
2001,-623,-1377
2003,-633,-1369
2005,-641,-1363
2006,-649,-1357
2007,-652,-1354
2008,-657,-1351
2010,-667,-1342
2012,-675,-1336
2013,-683,-1330
2014,-686,-1327
2015,-690,-1324
2017,-701,-1315
2017,-704,-1313
2018,-709,-1309
2019,-716,-1302
2021,-724,-1296
2022,-730,-1291
2022,-735,-1287
2024,-742,-1281
2025,-753,-1272
2025,-750,-1275
2026,-757,-1268
2027,-763,-1263
2028,-768,-1259
2029,-775,-1253
2030,-783,-1247
2031,-790,-1240
2031,-793,-1238
2032,-801,-1231
2033,-804,-1229
2033,-808,-1225
2034,-816,-1218
2035,-822,-1213
2035,-823,-1211
2036,-834,-1202
2037,-841,-1196
2038,-844,-1193
2038,-848,-1189
2039,-854,-1184
2039,-856,-1182
2040,-869,-1171
2040,-866,-1173
2041,-874,-1166
2041,-881,-1160
2041,-884,-1157
2042,-888,-1153
2042,-891,-1150
2043,-898,-1144
2043,-906,-1137
2043,-909,-1134
2044,-913,-1130
2044,-920,-1123
2044,-926,-1118
2045,-930,-1114
2045,-940,-1104
2045,-938,-1107
2046,-945,-1100
2046,-950,-1095
2046,-952,-1093
2046,-965,-1081
2046,-962,-1084
2047,-969,-1077
2047,-976,-1070
2047,-979,-1067
2047,-984,-1063
2047,-992,-1055
2047,-993,-1053
2047,-1003,-1044
2047,-1001,-1046
2047,-1008,-1039
2047,-1016,-1031
2047,-1015,-1032
2047,-1025,-1022
2047,-1040,-1007
2047,-1032,-1015
2047,-1039,-1008
2047,-1048,-998
2047,-1046,-1001
2047,-1058,-989
2047,-1055,-991
2047,-1062,-984
2047,-1069,-977
2047,-1076,-970
2046,-1079,-967
2046,-1086,-960
2046,-1093,-953
2046,-1100,-945
2045,-1109,-935
2045,-1106,-938
2045,-1116,-928
2044,-1123,-921
2044,-1130,-914
2043,-1136,-906
2042,-1146,-896
2042,-1153,-889
2041,-1159,-881
2041,-1166,-874
1812,-1731,-81
1778,-1768,-9
1760,-1786,25
1742,-1803,61
1722,-1820,97
1902,-1607,-294
1703,-1836,133
1927,-1562,-365
1683,-1851,168
1939,-1539,-400
1662,-1866,204
1961,-1490,-470
1641,-1881,239
1980,-1441,-539
1989,-1415,-574
1619,-1895,275
1607,-1902,294
1602,-1905,302
1597,-1908,310
1590,-1912,321
1580,-1918,337
1575,-1921,345
1567,-1924,357
1557,-1930,373
1550,-1934,384
1552,-1933,381
1544,-1936,392
1533,-1942,408
1528,-1944,416
1520,-1948,427
1510,-1953,443
1507,-1954,446
1504,-1955,451
1496,-1958,462
1485,-1963,478
1477,-1966,489
1480,-1965,485
1472,-1969,496
1460,-1973,512
1458,-1974,515
1455,-1975,520
1444,-1979,534
1441,-1980,539
1435,-1982,547
1429,-1984,555
1421,-1987,565
1415,-1989,573
1409,-1991,581
1403,-1993,589
1401,-1994,592
1395,-1995,600
1389,-1997,608
1383,-1999,615
1377,-2001,623
1366,-2004,637
1369,-2003,634
1357,-2006,649
1350,-2008,657
1348,-2009,660
1342,-2010,668
1336,-2012,675
1330,-2013,683
1323,-2015,691
1321,-2015,694
1315,-2017,701
1308,-2018,709
1302,-2019,717
1293,-2021,727
1296,-2021,724
1287,-2023,735
1278,-2024,745
1274,-2025,750
1272,-2025,753
1268,-2026,758
1257,-2028,771
1259,-2028,768
1253,-2029,776
1246,-2030,783
1240,-2031,791
1237,-2031,794
1231,-2032,801
1224,-2033,809
1218,-2034,816
1215,-2035,819
1211,-2035,824
1202,-2036,834
1197,-2037,840
1195,-2037,841
1189,-2038,849
1180,-2039,859
1182,-2039,856
1170,-2040,869
1173,-2040,866
1166,-2041,874
1160,-2041,881
1153,-2042,889
1145,-2042,897
1143,-2043,899
1137,-2043,906
1131,-2044,912
1130,-2044,913
1123,-2044,921
1120,-2044,923
1114,-2045,931
1107,-2045,938
1100,-2046,945
1097,-2046,948
1093,-2046,952
1090,-2046,955
1083,-2046,962
1077,-2047,970
1070,-2047,977
1067,-2047,980
1063,-2047,984
1048,-2047,999
1053,-2047,994
1046,-2047,1001
1039,-2047,1008
1036,-2047,1011
1032,-2047,1015
1022,-2047,1025
1012,-2047,1035
1008,-2047,1039
1005,-2047,1042
1001,-2047,1046
991,-2047,1056
984,-2047,1063
977,-2047,1070
974,-2047,1072
970,-2047,1077
960,-2046,1086
957,-2046,1089
952,-2046,1093
945,-2046,1100
938,-2045,1107
928,-2045,1116
921,-2044,1123
913,-2044,1130
903,-2043,1139
906,-2043,1137
896,-2042,1146
881,-2041,1160
874,-2041,1166
864,-2040,1176
856,-2039,1182
849,-2038,1189
841,-2037,1195
824,-2035,1211
816,-2034,1218
809,-2033,1224
798,-2032,1233
776,-2029,1253
765,-2027,1262
750,-2025,1274
81,-1812,1731
45,-1795,1750
9,-1778,1768
-26,-1760,1786
470,-1961,1491
-61,-1741,1803
-97,-1722,1820
-108,-1716,1825
-133,-1703,1836
-144,-1696,1841
-160,-1687,1848
-169,-1683,1852
-196,-1667,1863
-204,-1662,1867
-215,-1655,1871
-232,-1646,1878
-240,-1641,1881
-259,-1629,1889
-267,-1624,1892
-275,-1619,1895
-294,-1607,1902
-302,-1602,1905
-310,-1597,1908
-322,-1590,1912
-338,-1580,1918
-346,-1574,1921
-352,-1570,1923
-365,-1562,1927
-381,-1551,1933
-384,-1549,1934
-392,-1544,1937
-408,-1533,1942
-416,-1528,1944
-427,-1520,1948
-430,-1518,1949
-435,-1515,1950
-451,-1504,1955
-454,-1502,1956
-462,-1496,1959
-478,-1485,1963
-481,-1483,1964
-486,-1479,1966
-497,-1471,1969
-505,-1466,1971
-520,-1454,1975
-523,-1452,1976
-531,-1446,1978
-539,-1441,1980
-547,-1435,1982
-555,-1429,1984
-561,-1424,1986
-566,-1421,1987
-574,-1415,1989
-581,-1409,1991
-589,-1403,1993
-595,-1399,1994
-600,-1395,1995
-608,-1389,1997
-623,-1377,2001
-626,-1375,2001
-629,-1372,2002
-634,-1368,2003
-642,-1362,2005
-650,-1356,2006
-657,-1350,2008
-663,-1345,2009
-668,-1342,2010
-676,-1336,2012
-683,-1329,2013
-691,-1323,2015
-694,-1321,2015
-702,-1314,2017
-705,-1312,2017
-717,-1302,2019
-720,-1300,2020
-725,-1296,2021
-728,-1293,2021
-735,-1287,2023
-743,-1281,2024
-750,-1274,2025
-758,-1268,2026
-761,-1265,2027
-764,-1263,2027
-768,-1259,2028
-776,-1252,2029
-784,-1246,2030
-786,-1243,2030
-791,-1240,2031
-792,-1238,2031
-801,-1231,2032
-804,-1228,2033
-816,-1217,2034
-819,-1215,2035
-824,-1211,2035
-825,-1210,2035
-834,-1202,2036
-842,-1195,2037
-845,-1193,2038
-849,-1189,2038
-856,-1182,2039
-859,-1179,2039
-862,-1177,2039
-867,-1173,2040
-874,-1166,2041
-881,-1159,2041
-884,-1157,2041
-889,-1153,2042
-890,-1151,2042
-899,-1143,2043
-902,-1141,2043
-906,-1136,2043
-914,-1130,2044
-921,-1123,2044
-919,-1124,2044
-1081,-965,2046
-931,-1113,2045
-938,-1106,2045
-945,-1100,2046
-953,-1093,2046
-955,-1090,2046
-958,-1087,2046
-963,-1083,2046
-970,-1076,2047
-977,-1069,2047
-968,-1078,2047
-984,-1062,2047
-987,-1060,2047
-994,-1053,2047
-997,-1050,2047
-1001,-1046,2047
-1008,-1039,2047
-1015,-1032,2047
-1018,-1029,2047
-1017,-1030,2047
-1032,-1015,2047
-1035,-1012,2047
-1039,-1008,2047
-1046,-1001,2047
-1049,-998,2047
-1052,-995,2047
-1063,-984,2047
-1066,-981,2047
-1070,-976,2047
-1077,-969,2047
-1080,-966,2046
-1086,-959,2046
-1093,-952,2046
-1100,-945,2046
-1107,-938,2045
-1110,-935,2045
-1123,-920,2044
-1119,-925,2044
-1137,-906,2043
-1140,-903,2043
-1142,-900,2043
-1153,-888,2042
-1160,-881,2041
-1167,-873,2041
-1768,-9,1778
-1786,26,1760
-1803,62,1741
-1820,98,1722
-1608,-294,1902
-1836,133,1702
-1585,-329,1915
-1852,169,1682
-1253,-775,2029
-1539,-399,1939
-1867,204,1662
-1491,-469,1961
-1881,240,1641
-1441,-539,1980
-1389,-607,1997
-1895,275,1619
-1899,287,1612
-1905,303,1602
-1908,311,1597
-1912,322,1590
-1918,338,1579
-1921,346,1574
-1922,349,1572
-1927,365,1562
-1930,373,1556
-1933,381,1551
-1937,392,1544
-1942,408,1533
-1944,416,1528
-1945,419,1525
-1948,427,1520
-1953,443,1509
-1955,451,1504
-1956,454,1501
-1961,470,1490
-1963,478,1485
-1966,486,1479
-1967,492,1475
-1971,505,1466
-1973,513,1460
-1975,521,1454
-1976,524,1452
-1978,532,1446
-1982,547,1435
-1983,550,1432
-1984,555,1429
-1987,566,1421
-1989,574,1415
-1991,582,1409
-1993,590,1403
-1994,593,1401
-1997,608,1389
-1998,611,1386
-2001,624,1377
-2002,627,1374
-2003,634,1368
-2005,642,1362
-2007,650,1356
-2008,658,1350
-2009,661,1348
-2010,668,1341
-2012,676,1335
-2013,684,1329
-2015,691,1323
-2015,694,1320
-2017,702,1314
-2018,710,1308
-2020,717,1302
-2021,725,1295
-2021,728,1293
-2023,736,1287
-2024,743,1280
-2025,751,1274
-2026,757,1269
-2026,758,1268
-2028,767,1260
-2028,769,1259
-2030,784,1246
-2030,787,1243
-2031,791,1239
-2032,794,1237
-2033,802,1230
-2033,809,1224
-2034,817,1217
-2035,824,1211
-2036,827,1208
-2037,835,1201
-2037,842,1195
-2038,849,1188
-2039,855,1183
-2039,857,1182
-2040,865,1174
-2040,867,1172
-2041,874,1166
-2041,882,1159
-2042,889,1152
-2042,892,1150
-2043,899,1143
-2043,907,1136
-2044,914,1129
-2044,921,1123
-2044,924,1120
-2045,931,1113
-2045,937,1108
-2045,939,1106
-2046,946,1099
-2046,953,1092
-2046,961,1084
-2046,963,1083
-2047,970,1076
-2047,977,1069
-2047,987,1059
-2047,984,1062
-2047,994,1052
-2047,1001,1045
-2047,1004,1043
-2047,1009,1038
-2047,1016,1031
-2047,1028,1019
-2047,1025,1022
-2047,1033,1014
-2047,1040,1007
-2047,1047,1000
-2047,1059,988
-2047,1056,990
-2047,1070,976
-2046,1080,966
-2047,1077,969
-2046,1094,952
-2046,1100,945
-2045,1107,937
-2044,1119,924
-2045,1117,927
-2044,1130,913
-2043,1137,905
-2042,1147,895
-2042,1153,888
-2041,1160,881
-2040,1167,873
-2039,1183,856
-2037,1196,841
-2036,1205,830
-2034,1218,815
-2033,1225,808
-2030,1247,783
-2029,1253,775
-1844,1692,151
-1828,1712,116
-1812,1732,80
-1795,1750,44
-1778,1769,8
-1768,1778,-10
-1760,1786,-26
-1750,1796,-46
-1741,1804,-62
-1726,1816,-90
-1722,1820,-98
-1711,1829,-117
-1702,1836,-134
-1691,1845,-153
-1687,1848,-161
-1682,1852,-169
-1676,1857,-180
-1666,1863,-197
-1662,1867,-205
-1650,1875,-224
-1645,1878,-232
-1640,1881,-240
-1629,1889,-260
-1624,1892,-268
-1619,1895,-276
-1612,1899,-287
-1602,1905,-303
-1597,1908,-311
-1590,1912,-322
-1582,1916,-334
-1579,1918,-338
-1574,1921,-346
-1567,1925,-358
-1561,1928,-366
-1556,1930,-374
-1551,1933,-382
-1544,1937,-393
-1538,1939,-401
-1533,1942,-409
-1527,1945,-417
-1520,1948,-428
-1514,1951,-436
-1509,1953,-444
-1503,1955,-452
-1501,1956,-455
-1496,1959,-463
-1490,1961,-471
-1484,1963,-479
-1479,1966,-486
-1477,1967,-489
-1465,1971,-505
-1463,1972,-508
-1460,1973,-513
-1454,1975,-521
-1446,1978,-532
-1444,1979,-535
-1440,1980,-540
-1428,1985,-556
-1426,1985,-559
-1420,1987,-566
-1416,1989,-573
-1409,1991,-582
-1406,1992,-585
-1403,1993,-590
-1400,1994,-593
-1394,1996,-601
-1386,1998,-612
-1382,1999,-616
-1380,2000,-619
-1376,2001,-624
-1369,2003,-633
-1368,2003,-635
-1362,2005,-643
-1356,2007,-650
-1351,2008,-656
-1350,2008,-658
-1341,2010,-669
-1339,2011,-672
-1335,2012,-676
-1329,2013,-684
-1323,2015,-692
-1320,2015,-695
-1314,2017,-702
-1307,2018,-711
-1308,2018,-710
-1301,2020,-718
-1295,2021,-725
-1293,2021,-728
-1288,2022,-734
-1286,2023,-736
-1278,2024,-746
-1274,2025,-751
-1271,2026,-754
-1267,2026,-759
-1262,2027,-764
-1258,2028,-769
-1252,2029,-777
-1249,2029,-780
-1245,2030,-784
-1240,2031,-790
-1239,2031,-792
-1230,2033,-802
-1227,2033,-805
-1223,2034,-810
-1218,2034,-815
-1217,2034,-817
-1210,2035,-825
-1208,2036,-827
-1199,2037,-838
-1201,2037,-835
-1192,2038,-845
-1188,2038,-850
-1185,2038,-853
-1181,2039,-857
-1176,2039,-863
-1169,2040,-870
-1172,2040,-867
-1163,2041,-878
-1159,2041,-882
-1156,2042,-885
-1152,2042,-889
-1147,2042,-895
-1143,2043,-900
-1136,2043,-907
-1133,2043,-910
-1129,2044,-914
-1122,2044,-921
-1120,2044,-924
-1113,2045,-932
-1110,2045,-934
-1106,2045,-939
-1099,2046,-946
-1096,2046,-949
-1092,2046,-953
-1089,2046,-956
-1083,2046,-963
-1077,2047,-969
-1076,2047,-970
-1069,2047,-978
-1062,2047,-985
-1056,2047,-990
-1052,2047,-995
-1045,2047,-1002
-1042,2047,-1005
-1038,2047,-1009
-1031,2047,-1016
-1026,2047,-1021
-1021,2047,-1026
-1014,2047,-1033
-1007,2047,-1040
-1000,2047,-1047
-997,2047,-1050
-990,2047,-1057
-983,2047,-1064
-976,2047,-1070
-969,2047,-1077
-80,1812,-1732
-44,1795,-1751
-258,1888,-1630
-8,1777,-1769
27,1759,-1787
-364,1927,-1563
62,1741,-1804
-399,1939,-1539
-434,1950,-1516
98,1722,-1820
-469,1961,-1491
134,1702,-1836
-840,2037,-1196
170,1682,-1852
-572,1989,-1416
-607,1997,-1390
205,1661,-1867
-708,2018,-1309
233,1645,-1878
241,1640,-1881
255,1631,-1887
260,1628,-1889
276,1619,-1895
282,1615,-1898
287,1612,-1899
303,1602,-1905
311,1596,-1908
323,1589,-1912
331,1584,-1915
347,1574,-1921
353,1570,-1923
358,1567,-1925
374,1556,-1930
382,1551,-1933
388,1547,-1935
401,1538,-1939
409,1533,-1942
417,1527,-1945
428,1520,-1948
436,1514,-1951
452,1503,-1956
455,1501,-1956
463,1495,-1959
469,1491,-1961
479,1484,-1964
487,1479,-1966
493,1474,-1968
506,1465,-1971
521,1454,-1976
524,1451,-1976
532,1446,-1978
538,1441,-1980
548,1434,-1983
556,1428,-1985
562,1424,-1986
567,1420,-1987
578,1412,-1990
582,1408,-1991
590,1402,-1993
596,1398,-1995
601,1394,-1996
617,1382,-1999
624,1376,-2001
627,1374,-2002
635,1368,-2003
641,1363,-2005
651,1356,-2007
658,1349,-2008
664,1345,-2009
669,1341,-2010
677,1335,-2012
684,1329,-2013
692,1322,-2015
698,1318,-2016
703,1314,-2017
713,1305,-2019
718,1301,-2020
726,1295,-2021
731,1290,-2022
736,1286,-2023
744,1280,-2024
751,1273,-2025
759,1267,-2026
765,1262,-2027
769,1258,-2028
777,1252,-2029
784,1245,-2030
792,1239,-2031
798,1234,-2032
802,1230,-2033
813,1221,-2034
817,1217,-2034
825,1210,-2035
828,1208,-2036
831,1205,-2036
835,1201,-2037
850,1188,-2038
857,1181,-2039
860,1178,-2039
868,1172,-2040
871,1169,-2040
882,1158,-2041
890,1152,-2042
893,1149,-2042
900,1142,-2043
903,1140,-2043
915,1129,-2044
922,1122,-2044
925,1119,-2044
927,1117,-2045
939,1106,-2045
946,1099,-2046
954,1092,-2046
956,1089,-2046
955,1091,-2046
971,1075,-2047
978,1068,-2047
985,1061,-2047
991,1056,-2047
995,1052,-2047
1009,1038,-2047
1012,1035,-2047
1016,1031,-2047
1026,1021,-2047
1033,1014,-2047
1047,1000,-2047
1050,997,-2047
1057,990,-2047
1064,983,-2047
1078,968,-2047
1080,966,-2046
1087,958,-2046
1101,944,-2045
1108,937,-2045
1117,927,-2045
1131,912,-2044
1138,905,-2043
1154,887,-2042
1167,873,-2040
1177,862,-2039
1197,840,-2037
1693,151,-1844
1713,115,-1828
1732,79,-1812
1751,43,-1795
1442,538,-1980
1769,8,-1777
1787,-27,-1759
1796,-47,-1749
1804,-63,-1741
1809,-74,-1735
1821,-99,-1722
1826,-110,-1715
1833,-126,-1706
1837,-134,-1702
1849,-162,-1686
1852,-170,-1682
1857,-181,-1675
1864,-197,-1666
1867,-205,-1661
1872,-217,-1655
1878,-233,-1645
1881,-241,-1640
1889,-260,-1628
1892,-268,-1623
1895,-276,-1618
1900,-288,-1611
1903,-296,-1606
1909,-312,-1596
1913,-323,-1589
1915,-331,-1584
1918,-339,-1579
1921,-347,-1574
1925,-358,-1566
1931,-374,-1556
1933,-382,-1550
1937,-393,-1543
1940,-401,-1538
1942,-409,-1532
1945,-417,-1527
1948,-428,-1519
1951,-436,-1514
1956,-452,-1503
1957,-455,-1501
1959,-463,-1495
1961,-471,-1490
1966,-487,-1478
1967,-490,-1476
1969,-498,-1470
1971,-506,-1465
1973,-514,-1459
1976,-522,-1453
1979,-533,-1445
1981,-541,-1440
1983,-548,-1434
1985,-556,-1428
1985,-559,-1426
1987,-567,-1420
1989,-575,-1414
1993,-591,-1402
1994,-594,-1400
1996,-601,-1394
1998,-609,-1388
1999,-617,-1382
2001,-625,-1376
2002,-631,-1371
2003,-635,-1367
2005,-643,-1361
2007,-651,-1355
2008,-659,-1349
2010,-669,-1341
2012,-675,-1336
2012,-677,-1335
2014,-685,-1328
2015,-692,-1322
2017,-703,-1313
2017,-706,-1311
2018,-711,-1307
2020,-718,-1301
2021,-726,-1295
2022,-729,-1292
2023,-736,-1286
2024,-744,-1279
2025,-752,-1273
2026,-758,-1268
2026,-759,-1267
2028,-770,-1258
2028,-773,-1255
2029,-777,-1251
2030,-785,-1245
2031,-794,-1237
2031,-792,-1238
2033,-803,-1229
2033,-809,-1224
2034,-810,-1223
2035,-818,-1216
2035,-825,-1210
2037,-835,-1201
2037,-838,-1198
2037,-843,-1194
2038,-846,-1191
2038,-850,-1187
2039,-858,-1181
2039,-861,-1178
2040,-868,-1172
2041,-875,-1165
2041,-883,-1158
2042,-886,-1156
2042,-890,-1151
2042,-893,-1149
2043,-900,-1142
2043,-903,-1139
2043,-908,-1135
2044,-915,-1128
2044,-922,-1122
2045,-928,-1116
2045,-932,-1112
2045,-939,-1105
2045,-942,-1103
2046,-947,-1098
2046,-954,-1092
2046,-957,-1089
2046,-964,-1082
2047,-969,-1077
2047,-971,-1075
2047,-978,-1068
2047,-985,-1061
2047,-988,-1058
2047,-998,-1049
2047,-995,-1051
2047,-1002,-1044
2047,-1009,-1037
2047,-1012,-1035
2047,-1017,-1030
2047,-1029,-1018
2047,-1033,-1014
2047,-1036,-1011
2047,-1040,-1006
2047,-1043,-1004
2047,-1047,-999
2047,-1060,-987
2047,-1057,-990
2047,-1064,-982
2047,-1071,-975
2047,-1078,-968
2046,-1090,-955
2046,-1094,-951
2046,-1097,-948
2045,-1101,-944
2045,-1108,-936
2045,-1118,-926
2044,-1125,-919
2044,-1131,-912
2043,-1138,-904
2042,-1147,-894
2042,-1154,-887
2041,-1161,-880
1811,-1732,-79
1777,-1769,-7
1759,-1787,27
1740,-1804,63
1721,-1821,99
1706,-1833,126
1702,-1837,135
1927,-1563,-363
1682,-1852,170
1661,-1867,206
2024,-1282,-741
1960,-1492,-468
1640,-1882,241
1989,-1416,-572
1623,-1892,269
1618,-1895,277
1606,-1903,296
1596,-1909,312
1584,-1916,331
1579,-1918,339
1573,-1921,347
1566,-1925,359
1556,-1931,375
1550,-1933,383
1543,-1937,394
1537,-1940,402
1527,-1945,418
1519,-1948,429
1514,-1951,437
1508,-1953,445
1503,-1956,453
1489,-1961,472
1484,-1964,479
1478,-1966,487
1470,-1969,498
1465,-1971,506
1459,-1974,514
1453,-1976,522
1445,-1979,533
1439,-1981,541
1434,-1983,549
1428,-1985,557
1417,-1988,570
1414,-1989,575
1408,-1991,583
1400,-1994,594
1402,-1993,591
1388,-1998,609
1382,-1999,617
1376,-2001,625
1369,-2003,634
1367,-2003,636
1361,-2005,643
1355,-2007,651
1349,-2008,659
1340,-2011,670
1329,-2013,683
1328,-2014,685
1319,-2016,696
1322,-2015,693
1313,-2017,703
1307,-2018,711
1301,-2020,719
1292,-2022,729
1294,-2021,726
1281,-2024,743
1279,-2024,744
1273,-2025,752
1266,-2026,760
1259,-2028,768
1258,-2028,770
1251,-2029,778
1245,-2030,785
1238,-2031,793
1236,-2032,796
1229,-2033,803
1223,-2034,811
1216,-2035,818
1207,-2036,828
1210,-2035,825
1200,-2037,836
1186,-2038,852
1187,-2038,851
1180,-2039,858
1178,-2039,861
1171,-2040,868
1163,-2041,877
1165,-2041,876
1158,-2041,883
1151,-2042,890
1143,-2043,899
1142,-2043,901
1135,-2043,908
1130,-2044,914
1128,-2044,915
1121,-2044,922
1112,-2045,932
1109,-2045,935
1098,-2046,947
1096,-2046,950
1089,-2046,957
1091,-2046,954
1082,-2046,964
1075,-2047,971
1068,-2047,979
1061,-2047,986
1055,-2047,991
1051,-2047,996
1044,-2047,1003
1041,-2047,1005
1037,-2047,1010
1030,-2047,1017
1020,-2047,1027
1018,-2047,1029
1013,-2047,1034
1006,-2047,1041
999,-2047,1048
989,-2047,1057
986,-2047,1060
982,-2047,1064
975,-2047,1071
968,-2047,1078
958,-2046,1088
951,-2046,1095
943,-2045,1102
936,-2045,1108
926,-2044,1118
919,-2044,1125
911,-2044,1132
904,-2043,1138
894,-2042,1148
891,-2042,1150
879,-2041,1161
872,-2040,1168
862,-2039,1177
854,-2039,1184
847,-2038,1190
839,-2037,1197
822,-2035,1213
807,-2033,1226
796,-2032,1235
781,-2030,1248
114,-1828,1713
78,-1811,1732
43,-1794,1751
7,-1777,1769
-28,-1759,1787
-63,-1740,1804
502,-1970,1467
-99,-1721,1821
-127,-1706,1833
-135,-1702,1837
-162,-1686,1849
-171,-1681,1852
-198,-1666,1864
-209,-1659,1869
-206,-1661,1867
-234,-1644,1879
-242,-1640,1882
-253,-1633,1886
-269,-1623,1892
-277,-1618,1896
-288,-1611,1900
-304,-1601,1906
-313,-1596,1909
-324,-1589,1913
-332,-1584,1916
-348,-1573,1921
-354,-1569,1924
-367,-1561,1928
-375,-1555,1931
-383,-1550,1933
-394,-1543,1937
-410,-1532,1942
-418,-1526,1945
-429,-1519,1948
-432,-1517,1949
-445,-1508,1953
-453,-1502,1956
-459,-1498,1958
-464,-1495,1959
-480,-1483,1964
-488,-1478,1966
-494,-1473,1968
-507,-1464,1971
-515,-1459,1974
-522,-1453,1976
-529,-1448,1977
-533,-1445,1979
-549,-1433,1983
-557,-1427,1985
-560,-1425,1986
-568,-1419,1988
-576,-1413,1990
-583,-1408,1991
-591,-1402,1993
-594,-1399,1994
-602,-1393,1996
-610,-1387,1998
-618,-1381,1999
-625,-1375,2001
-636,-1367,2004
-639,-1365,2004
-644,-1361,2005
-659,-1349,2008
-662,-1346,2009
-665,-1344,2010
-670,-1340,2011
-678,-1334,2012
-685,-1328,2014
-693,-1322,2015
-696,-1319,2016
-704,-1313,2017
-711,-1307,2018
-719,-1300,2020
-722,-1298,2020
-727,-1294,2021
-737,-1285,2023
-735,-1287,2023
-745,-1279,2024
-752,-1273,2025
-760,-1266,2027
-763,-1264,2027
-770,-1257,2028
-773,-1255,2029
-778,-1251,2029
-785,-1244,2030
-793,-1238,2031
-796,-1235,2032
-803,-1229,2033
-811,-1222,2034
-814,-1220,2034
-818,-1216,2035
-826,-1209,2035
-829,-1207,2036
-832,-1204,2036
-836,-1200,2037
-844,-1193,2038
-851,-1187,2038
-858,-1180,2039
-861,-1178,2039
-869,-1171,2040
-871,-1168,2040
-876,-1164,2041
-883,-1158,2041
-891,-1151,2042
-886,-1155,2042
-894,-1148,2042
-901,-1141,2043
-904,-1139,2043
-908,-1135,2043
-915,-1128,2044
-923,-1121,2044
-1089,-956,2046
-933,-1112,2045
-936,-1109,2045
-940,-1105,2045
-947,-1098,2046
-950,-1095,2046
-954,-1091,2046
-964,-1081,2046
-1142,-900,2043
-972,-1074,2047
-979,-1068,2047
-982,-1065,2047
-986,-1061,2047
-991,-1055,2047
-996,-1051,2047
-999,-1048,2047
-1010,-1037,2047
-1017,-1030,2047
-1016,-1031,2047
-1020,-1027,2047
-1027,-1020,2047
-1034,-1013,2047
-1037,-1010,2047
-1048,-999,2047
-1051,-996,2047
-1053,-993,2047
-1065,-982,2047
-1072,-975,2047
-1074,-972,2047
-1079,-967,2046
-1088,-957,2046
-1084,-962,2046
-1095,-950,2046
-1109,-936,2045
-1111,-933,2045
-1118,-926,2044
-1121,-923,2044
-1132,-911,2044
-1139,-904,2043
-1141,-901,2043
-1155,-886,2042
-1751,-42,1794
-1770,-7,1777
-1787,28,1759
-1804,64,1740
-1821,100,1721
-1609,-292,1901
-1837,135,1701
-1564,-362,1926
-1853,171,1681
-1535,-405,1941
-1868,206,1661
-1492,-467,1960
-1468,-502,1970
-1882,242,1639
-1417,-571,1988
-1893,269,1623
-1896,277,1618
-1903,297,1606
-1909,313,1596
-1913,324,1588
-1916,332,1583
-1922,348,1573
-1923,351,1571
-1925,359,1566
-1931,375,1555
-1934,383,1550
-1937,394,1542
-1942,410,1532
-1945,418,1526
-1946,421,1524
-1949,429,1519
-1953,445,1508
-1956,453,1502
-1958,459,1498
-1962,472,1489
-1964,480,1483
-1966,488,1478
-1970,502,1468
-1969,499,1470
-1974,515,1458
-1976,523,1453
-1979,534,1445
-1981,541,1439
-1983,549,1433
-1985,557,1427
-1986,560,1425
-1990,576,1413
-1992,584,1407
-1993,592,1401
-1995,598,1397
-1996,602,1393
-1998,610,1387
-2001,626,1375
-2002,629,1373
-2004,639,1364
-2005,644,1361
-2007,652,1355
-2009,660,1348
-2009,663,1346
-2011,670,1340
-2012,678,1334
-2014,686,1328
-2015,693,1321
-2016,696,1319
-2019,712,1306
-2019,715,1304
-2020,719,1300
-2021,727,1294
-2023,736,1286
-2023,737,1285
-2024,745,1279
-2027,760,1266
-2027,763,1263
-2028,771,1257
-2029,778,1251
-2030,781,1248
-2030,786,1244
-2031,793,1238
-2033,804,1229
-2033,807,1226
-2034,811,1222
-2035,819,1216
-2036,826,1209
-2036,832,1204
-2037,836,1200
-2038,844,1193
-2038,851,1187
-2039,854,1184
-2039,859,1180
-2040,867,1172
-2040,869,1171
-2041,876,1164
-2041,884,1157
-2042,891,1151
-2043,901,1141
-2043,908,1134
-2044,911,1132
-2044,916,1128
-2044,923,1121
-2044,926,1118
-2045,933,1111
-2045,940,1104
-2046,948,1098
-2046,958,1088
-2046,955,1091
-2046,965,1081
-2047,972,1074
-2047,979,1067
-2047,982,1065
-2047,986,1060
-2047,996,1051
-2047,1003,1044
-2047,1006,1041
-2047,1010,1037
-2047,1020,1027
-2047,1017,1030
-2047,1027,1020
-2047,1034,1013
-2047,1041,1006
-2047,1051,996
-2047,1048,999
-2047,1058,989
-2047,1072,974
-2046,1084,962
-2046,1079,967
-2046,1088,957
-2046,1095,950
-2045,1102,943
-2045,1109,935
-2044,1119,925
-2044,1132,911
-2043,1142,901
-2043,1139,904
-2042,1155,886
-2041,1162,879
-2040,1168,871
-2039,1184,854
-2038,1191,846
-2037,1198,839
-2034,1220,814
-2033,1226,806
-2030,1248,781
-2029,1255,773
-1843,1694,149
-1827,1713,114
-1811,1733,78
-1794,1751,42
-1777,1770,6
-1763,1783,-20
-1758,1787,-28
-1744,1801,-56
-1740,1805,-64
-1725,1817,-92
-1721,1821,-100
-1706,1834,-127
-1701,1837,-136
-1690,1846,-155
-1686,1849,-163
-1681,1853,-171
-1665,1864,-199
-1660,1868,-207
-1654,1872,-218
-1644,1879,-234
-1639,1882,-242
-1632,1886,-254
-1627,1890,-262
-1622,1893,-270
-1618,1896,-278
-1606,1903,-297
-1600,1906,-305
-1595,1909,-313
-1588,1913,-324
-1583,1916,-332
-1578,1919,-340
-1573,1922,-348
-1565,1926,-360
-1555,1931,-376
-1553,1932,-379
-1550,1934,-384
-1542,1937,-395
-1537,1940,-403
-1531,1943,-411
-1526,1945,-419
-1518,1949,-430
-1513,1951,-438
-1507,1954,-446
-1502,1956,-454
-1492,1960,-468
-1489,1962,-473
-1486,1963,-476
-1483,1964,-480
-1477,1966,-488
-1470,1969,-499
-1464,1972,-507
-1458,1974,-515
-1452,1976,-523
-1450,1977,-526
-1444,1979,-534
-1439,1981,-542
-1433,1983,-550
-1428,1985,-556
-1427,1985,-558
-1419,1988,-568
-1413,1990,-576
-1407,1992,-584
-1405,1992,-587
-1401,1993,-592
-1393,1996,-603
-1391,1997,-606
-1387,1998,-610
-1381,2000,-618
-1375,2001,-626
-1370,2003,-632
-1366,2004,-637
-1360,2005,-644
-1358,2006,-647
-1354,2007,-652
-1348,2009,-660
-1341,2010,-669
-1340,2011,-671
-1333,2012,-678
-1327,2014,-686
-1322,2015,-692
-1321,2015,-694
-1314,2017,-703
-1312,2017,-704
-1306,2019,-712
-1304,2019,-715
-1300,2020,-720
-1294,2021,-727
-1289,2022,-733
-1282,2023,-741
-1285,2023,-738
-1278,2024,-745
-1272,2025,-753
-1270,2026,-756
-1266,2027,-760
-1258,2028,-769
-1257,2028,-771
-1250,2029,-778
-1245,2030,-784
-1244,2030,-786
-1237,2031,-794
-1116,2045,-929
-1228,2033,-804
-1226,2033,-807
-1222,2034,-811
-1215,2035,-819
-1213,2035,-822
-1209,2036,-826
-1201,2037,-835
-1200,2037,-837
-1193,2038,-844
-1190,2038,-847
-1186,2038,-852
-1180,2039,-859
-1177,2039,-862
-1172,2040,-868
-1170,2040,-869
-1164,2041,-877
-1161,2041,-879
-1157,2041,-884
-1152,2042,-890
-1150,2042,-891
-1141,2043,-901
-1138,2043,-904
-1134,2043,-909
-1129,2044,-914
-1127,2044,-916
-1118,2045,-926
-1121,2044,-923
-1111,2045,-933
-1104,2045,-941
-1102,2045,-943
-1097,2046,-948
-1090,2046,-955
-1085,2046,-961
-1082,2046,-963
-1081,2046,-965
-1074,2047,-972
-1067,2047,-979
-1064,2047,-982
-1060,2047,-987
-1052,2047,-995
-1050,2047,-996
-1043,2047,-1004
-1038,2047,-1009
-1036,2047,-1011
-1029,2047,-1018
-1019,2047,-1028
-1014,2047,-1033
-1012,2047,-1035
-1005,2047,-1042
-998,2047,-1049
-988,2047,-1058
-986,2047,-1061
-113,1827,-1714
-77,1811,-1733
-42,1794,-1752
-6,1776,-1770
-334,1917,-1582
29,1758,-1788
-397,1938,-1541
64,1740,-1805
-432,1949,-1517
100,1721,-1821
-467,1960,-1493
128,1706,-1834
136,1701,-1837
-536,1979,-1443
-839,2037,-1198
172,1681,-1853
-605,1996,-1391
-639,2004,-1365
207,1660,-1868
226,1649,-1876
235,1644,-1879
243,1639,-1882
254,1632,-1887
270,1622,-1893
278,1617,-1896
297,1605,-1903
305,1600,-1906
314,1595,-1909
320,1591,-1911
333,1583,-1916
341,1578,-1919
349,1572,-1922
360,1565,-1926
376,1555,-1931
384,1549,-1934
390,1545,-1936
395,1542,-1938
411,1531,-1943
419,1526,-1945
425,1522,-1947
430,1518,-1949
446,1507,-1954
454,1502,-1956
457,1500,-1957
473,1488,-1962
481,1483,-1964
484,1481,-1965
489,1477,-1966
500,1469,-1970
515,1458,-1974
519,1456,-1975
523,1452,-1976
534,1444,-1979
542,1438,-1981
550,1433,-1983
558,1427,-1985
569,1419,-1988
577,1413,-1990
580,1410,-1991
584,1407,-1992
592,1401,-1994
603,1393,-1996
611,1387,-1998
619,1381,-2000
626,1375,-2001
632,1370,-2003
637,1366,-2004
653,1354,-2007
656,1352,-2008
660,1348,-2009
671,1339,-2011
674,1337,-2011
679,1333,-2012
686,1327,-2014
694,1321,-2015
695,1320,-2016
712,1306,-2019
711,1307,-2018
727,1293,-2021
730,1291,-2022
733,1288,-2022
738,1285,-2023
753,1272,-2025
756,1269,-2026
761,1265,-2027
767,1260,-2028
771,1256,-2028
779,1250,-2029
786,1244,-2030
794,1237,-2031
800,1232,-2032
804,1228,-2033
812,1222,-2034
819,1215,-2035
827,1208,-2036
832,1203,-2036
837,1199,-2037
844,1193,-2038
852,1186,-2038
859,1179,-2039
865,1174,-2040
1143,899,-2043
877,1163,-2041
884,1157,-2041
887,1154,-2042
892,1150,-2042
902,1141,-2043
909,1134,-2043
912,1131,-2044
916,1127,-2044
924,1120,-2044
934,1111,-2045
937,1108,-2045
948,1097,-2046
955,1090,-2046
958,1087,-2046
965,1081,-2046
973,1074,-2047
980,1067,-2047
987,1060,-2047
990,1057,-2047
997,1050,-2047
1004,1043,-2047
1011,1036,-2047
1018,1029,-2047
1028,1019,-2047
1031,1016,-2047
1042,1005,-2047
1049,998,-2047
1059,988,-2047
1061,985,-2047
1072,974,-2047
1079,967,-2046
1089,957,-2046
1096,949,-2046
1110,935,-2045
1112,932,-2045
1126,918,-2044
1139,903,-2043
1149,893,-2042
1162,878,-2041
1169,871,-2040
1185,853,-2039
1198,838,-2037
1207,828,-2036
1674,184,-1858
1714,113,-1827
1733,77,-1811
1493,466,-1960
1443,536,-1979
1776,-5,-1771
1784,-21,-1762
1793,-40,-1752
1801,-57,-1744
1810,-76,-1734
1818,-92,-1725
1824,-107,-1717
1834,-128,-1705
1839,-139,-1699
1846,-156,-1690
1850,-164,-1685
1858,-183,-1674
1861,-191,-1669
1865,-199,-1665
1873,-219,-1653
1879,-235,-1644
1884,-246,-1637
1887,-254,-1632
1890,-262,-1627
1893,-270,-1622
1898,-285,-1613
1903,-298,-1605
1906,-306,-1600
1910,-317,-1593
1913,-325,-1588
1919,-341,-1577
1923,-352,-1570
1926,-360,-1565
1929,-368,-1560
1931,-376,-1554
1935,-387,-1547
1938,-395,-1542
1940,-403,-1536
1943,-411,-1531
1946,-422,-1523
1949,-430,-1518
1951,-438,-1512
1954,-446,-1507
1957,-457,-1499
1960,-465,-1494
1962,-473,-1488
1964,-481,-1483
1967,-492,-1475
1970,-500,-1469
1972,-508,-1463
1974,-516,-1458
1977,-527,-1450
1979,-535,-1444
1981,-542,-1438
1983,-550,-1432
1986,-559,-1426
1986,-561,-1424
1988,-569,-1418
1990,-577,-1412
1992,-585,-1407
1994,-596,-1398
1996,-603,-1392
1997,-606,-1390
1998,-611,-1386
2000,-619,-1380
2002,-630,-1372
2004,-637,-1366
2005,-645,-1360
2007,-653,-1354
2008,-656,-1351
2009,-664,-1345
2011,-671,-1339
2012,-679,-1333
2013,-682,-1331
2014,-687,-1327
2016,-697,-1318
2017,-705,-1312
2018,-708,-1309
2019,-713,-1306
2020,-720,-1299
2022,-729,-1292
2022,-731,-1291
2023,-738,-1284
2024,-746,-1278
2026,-754,-1272
2026,-759,-1267
2027,-764,-1263
2028,-772,-1256
2033,-806,-1227
2029,-777,-1251
2030,-787,-1243
2031,-790,-1241
2032,-797,-1234
2033,-805,-1228
2034,-813,-1220
2034,-812,-1221
2035,-820,-1215
2035,-822,-1212
2036,-830,-1206
2037,-836,-1200
2037,-837,-1199
2038,-845,-1192
2039,-855,-1183
2038,-852,-1186
2039,-862,-1177
2040,-865,-1174
2040,-870,-1170
2041,-877,-1163
2041,-880,-1161
2041,-885,-1156
2043,-898,-1144
2042,-895,-1147
2043,-902,-1140
2043,-909,-1134
2044,-912,-1131
2044,-917,-1127
2045,-927,-1117
2045,-930,-1115
2045,-934,-1110
2039,-1182,-856
2045,-941,-1104
2046,-948,-1097
2046,-957,-1089
2046,-958,-1087
2047,-968,-1078
2046,-966,-1080
2047,-973,-1073
2047,-983,-1064
2047,-980,-1066
2047,-990,-1057
2047,-995,-1051
2047,-997,-1050
2047,-1004,-1043
2047,-1029,-1018
2047,-1014,-1033
2047,-1011,-1036
2048,-1024,-1023
2047,-1028,-1019
2047,-1035,-1012
2047,-1038,-1009
2047,-1045,-1002
2047,-1042,-1005
2047,-1055,-992
2047,-1062,-985
2047,-1059,-988
2047,-1066,-981
2047,-1073,-973
2046,-1092,-953
2046,-1095,-951
2046,-1096,-949
2045,-1106,-939
2045,-1103,-942
2044,-1122,-922
2044,-1119,-925
2044,-1126,-917
2043,-1133,-910
2043,-1142,-900
2042,-1149,-892
2042,-1156,-885
1797,-1748,-49
1780,-1766,-13
1762,-1784,21
1744,-1801,57
1725,-1818,93
1710,-1830,120
1705,-1834,128
1929,-1559,-369
1685,-1850,164
1940,-1536,-404
1665,-1865,200
1962,-1488,-474
1643,-1879,235
1981,-1438,-543
1998,-1386,-612
1622,-1893,271
1610,-1900,290
1605,-1903,298
1600,-1906,306
1588,-1913,325
1582,-1916,333
1577,-1919,341
1563,-1927,364
1560,-1929,369
1554,-1931,377
1547,-1935,388
1541,-1938,396
1531,-1943,412
1523,-1946,423
1518,-1949,431
1512,-1951,439
1507,-1954,447
1491,-1961,469
1494,-1960,466
1488,-1962,474
1482,-1964,481
1469,-1970,500
1456,-1974,517
1457,-1974,516
1449,-1977,527
1444,-1979,535
1433,-1983,549
1438,-1981,543
1432,-1983,551
1422,-1987,565
1418,-1988,569
1412,-1990,577
1406,-1992,585
1398,-1994,596
1392,-1996,604
1386,-1998,611
1380,-2000,619
1372,-2002,630
1366,-2004,638
1353,-2007,654
1360,-2006,645
1354,-2007,653
1343,-2010,667
1339,-2011,672
1328,-2014,685
1327,-2014,687
1324,-2015,690
1318,-2016,698
1312,-2017,705
1305,-2019,713
1297,-2021,723
1299,-2020,720
1290,-2022,731
1284,-2023,739
1279,-2024,745
1278,-2024,746
1271,-2026,754
1262,-2027,764
1253,-2029,775
1256,-2028,772
1249,-2029,779
1243,-2031,787
1234,-2032,797
1228,-2033,805
1225,-2033,808
1221,-2034,812
1214,-2035,820
1205,-2036,830
1200,-2037,836
1199,-2037,838
1192,-2038,845
1183,-2039,855
1185,-2038,852
1176,-2039,863
1167,-2040,873
1170,-2040,870
1163,-2041,877
1154,-2042,888
1156,-2042,885
1144,-2043,898
1137,-2043,905
1140,-2043,902
1133,-2043,910
1126,-2044,917
1117,-2045,927
1112,-2045,933
1110,-2045,934
1098,-2046,947
1103,-2045,942
1096,-2046,949
1087,-2046,959
808,-2033,1225
1080,-2046,966
1073,-2047,973
1066,-2047,980
1058,-2047,989
1056,-2047,990
1049,-2047,997
1042,-2047,1004
1037,-2047,1010
1035,-2047,1012
1026,-2047,1021
1016,-2047,1031
1019,-2047,1028
1012,-2047,1035
1002,-2047,1045
1004,-2047,1042
989,-2047,1058
987,-2047,1059
980,-2047,1066
973,-2047,1073
963,-2046,1083
956,-2046,1090
949,-2046,1096
943,-2045,1102
942,-2045,1103
931,-2045,1113
924,-2044,1120
917,-2044,1126
910,-2043,1133
899,-2043,1143
892,-2042,1149
885,-2041,1156
877,-2041,1163
860,-2039,1179
852,-2038,1185
845,-2038,1192
835,-2037,1201
827,-2036,1208
812,-2034,1221
809,-2033,1224
787,-2031,1243
779,-2029,1250
761,-2027,1265
120,-1830,1710
49,-1797,1748
13,-1780,1766
369,-1929,1560
-22,-1762,1784
-57,-1743,1801
-85,-1729,1814
-93,-1724,1818
-121,-1709,1831
-129,-1705,1834
-148,-1694,1843
-164,-1685,1850
-179,-1677,1856
-192,-1669,1861
-200,-1664,1865
-219,-1653,1873
-236,-1643,1879
-247,-1636,1884
-263,-1627,1890
-271,-1622,1893
-282,-1615,1898
-298,-1605,1904
-306,-1600,1907
-318,-1593,1911
-326,-1587,1914
-334,-1582,1916
-342,-1577,1919
-361,-1565,1926
-369,-1559,1929
-377,-1554,1931
-388,-1547,1935
-396,-1541,1938
-404,-1536,1940
-412,-1530,1943
-421,-1524,1946
-431,-1518,1949
-439,-1512,1952
-447,-1507,1954
-456,-1500,1957
-466,-1493,1960
-474,-1488,1962
-482,-1482,1964
-493,-1474,1968
-501,-1469,1970
-509,-1463,1972
-516,-1457,1974
-527,-1449,1977
-535,-1443,1979
-543,-1438,1981
-551,-1432,1983
-562,-1424,1986
-552,-1431,1984
-570,-1418,1988
-578,-1412,1990
-585,-1406,1992
-596,-1398,1995
-604,-1392,1996
-612,-1386,1998
-615,-1384,1999
-619,-1380,2000
-630,-1372,2002
-633,-1369,2003
-638,-1365,2004
-646,-1359,2006
-653,-1353,2007
-659,-1349,2008
-664,-1345,2009
-672,-1339,2011
-680,-1332,2013
-687,-1326,2014
-690,-1324,2015
-698,-1318,2016
-701,-1315,2017
-713,-1305,2019
-716,-1303,2019
-721,-1299,2020
-731,-1290,2022
-734,-1288,2022
-739,-1284,2023
-747,-1277,2024
-754,-1271,2026
-757,-1269,2026
-765,-1262,2027
-763,-1264,2027
-772,-1256,2028
-780,-1249,2029
-787,-1243,2031
-790,-1240,2031
-798,-1234,2032
-805,-1227,2033
-804,-1229,2033
-813,-1221,2034
-820,-1214,2035
-823,-1212,2035
-831,-1205,2036
-833,-1202,2036
-838,-1198,2037
-845,-1192,2038
-853,-1185,2038
-856,-1183,2039
-859,-1180,2039
-863,-1176,2040
-870,-1169,2040
-873,-1167,2040
-878,-1163,2041
-885,-1156,2042
-888,-1153,2042
-895,-1147,2042
-898,-1144,2043
-903,-1140,2043
-910,-1133,2043
-917,-1126,2044
-916,-1128,2044
-927,-1117,2045
-926,-1118,2044
-935,-1110,2045
-937,-1107,2045
-949,-1096,2046
-952,-1093,2046
-943,-1102,2045
-959,-1087,2046
-966,-1080,2046
-969,-1077,2047
-973,-1073,2047
-981,-1066,2047
-983,-1063,2047
-991,-1056,2047
-989,-1058,2047
-998,-1049,2047
-1005,-1042,2047
-1012,-1035,2047
-1015,-1032,2047
-1022,-1025,2047
-1024,-1023,2047
-1029,-1018,2047
-1036,-1011,2047
-1043,-1004,2047
-1037,-1010,2047
-1052,-994,2047
-1059,-987,2047
-1066,-980,2047
-1073,-973,2047
-1076,-970,2047
-1083,-963,2046
-1090,-956,2046
-1097,-948,2046
-1104,-941,2045
-1106,-938,2045
-1113,-931,2045
-1120,-924,2044
-1127,-917,2044
-1134,-909,2043
-1136,-906,2043
-1150,-892,2042
-1156,-885,2041
-1163,-877,2041
-1766,-13,1780
-1784,22,1762
-1802,58,1743
-1627,-262,1890
-1818,93,1724
-1605,-298,1903
-1834,129,1705
-1560,-368,1929
-1850,165,1685
-1536,-403,1940
-1865,200,1664
-1488,-473,1962
-1879,236,1643
-1438,-542,1981
-1386,-611,1998
-1893,271,1621
-1898,283,1615
-1901,291,1610
-1907,307,1599
-1911,318,1592
-1914,326,1587
-1917,334,1582
-1919,342,1577
-1926,361,1564
-1932,377,1554
-1933,380,1552
-1935,388,1546
-1938,396,1541
-1943,412,1530
-1947,423,1523
-1949,431,1517
-1952,439,1512
-1954,447,1506
-1957,458,1499
-1960,466,1493
-1962,474,1487
-1964,482,1482
-1968,493,1474
-1970,501,1468
-1972,509,1463
-1974,517,1457
-1977,528,1449
-1978,531,1447
-1981,543,1437
-1982,547,1435
-1983,551,1432
-1986,562,1424
-1988,570,1418
-1992,586,1406
-1993,589,1404
-1995,596,1398
-1996,604,1392
-1998,612,1386
-2000,620,1380
-2002,631,1371
-2003,634,1369
-2004,638,1365
-2006,646,1359
-2007,654,1353
-2010,664,1345
-2010,667,1342
-2013,680,1332
-2013,683,1330
-2014,688,1326
-2016,698,1317
-2017,706,1311
-2019,714,1305
-2019,716,1302
-2020,721,1299
-2022,732,1290
-2023,739,1283
-2024,742,1281
-2024,747,1277
-2026,754,1271
-2027,765,1262
-2028,768,1259
-2028,773,1255
-2030,780,1249
-2031,788,1242
-2031,793,1237
-2032,798,1233
-2033,806,1227
-2034,813,1220
-2035,820,1214
-2036,831,1205
-2036,834,1202
-2037,838,1198
-2038,846,1192
-2039,853,1185
-2039,856,1182
-2040,863,1176
-2040,866,1173
-2040,871,1169
-2041,878,1162
-2042,885,1156
-2042,896,1146
-2043,898,1144
-2043,903,1139
-2043,910,1133
-2044,916,1127
-2044,918,1126
-2045,928,1116
-2045,935,1110
-2045,942,1103
-2046,949,1096
-2046,952,1093
-2046,959,1086
-2046,967,1079
-2047,969,1077
-2047,974,1072
-2047,981,1066
-2047,991,1056
-2047,996,1050
-2047,998,1049
-2047,1005,1042
-2047,1008,1039
-2047,1012,1035
-2047,1025,1022
-2047,1029,1018
-2047,1036,1011
-2047,1043,1004
-2047,1053,994
-2047,1058,988
-2047,1060,987
-2047,1067,980
-2047,1074,973
-2046,1083,963
-2046,1090,955
-2046,1097,948
-2045,1104,941
-2044,1123,921
-2044,1120,924
-2043,1134,909
-2043,1143,899
-2042,1150,892
-2041,1157,884
-2041,1163,877
-2039,1179,859
-2038,1186,852
-2038,1193,844
-2034,1218,816
-2034,1222,812
-2031,1237,794
-2029,1250,779
-1876,1649,226
-1830,1710,120
-1814,1729,84
-1962,1488,473
-1797,1748,48
-1780,1767,12
-1762,1784,-22
-1756,1790,-34
-1743,1802,-58
-1737,1807,-69
-1724,1818,-94
-1714,1827,-113
-1709,1831,-121
-1705,1835,-129
-1694,1843,-149
-1684,1850,-165
-1678,1855,-176
-1669,1862,-193
-1664,1865,-201
-1657,1870,-212
-1648,1876,-228
-1643,1880,-236
-1631,1887,-256
-1626,1890,-264
-1621,1894,-272
-1614,1898,-283
-1609,1901,-291
-1604,1904,-299
-1599,1907,-307
-1587,1914,-326
-1582,1917,-334
-1577,1920,-342
-1569,1923,-354
-1564,1926,-362
-1559,1929,-370
-1554,1932,-378
-1546,1935,-389
-1541,1938,-397
-1535,1941,-405
-1530,1943,-413
-1523,1947,-424
-1517,1949,-432
-1512,1952,-440
-1506,1954,-448
-1498,1958,-459
-1496,1958,-462
-1493,1960,-467
-1487,1962,-475
-1482,1965,-482
-1474,1968,-493
-1468,1970,-501
-1462,1972,-509
-1457,1974,-517
-1449,1977,-528
-1447,1978,-531
-1443,1979,-536
-1437,1981,-544
-1431,1984,-552
-1429,1984,-555
-1423,1986,-563
-1417,1988,-570
-1412,1990,-578
-1406,1992,-586
-1403,1993,-589
-1397,1995,-597
-1391,1996,-605
-1385,1998,-612
-1383,1999,-615
-1379,2000,-620
-1371,2002,-631
-1369,2003,-634
-1365,2004,-639
-1359,2006,-646
-1353,2007,-654
-1350,2008,-657
-1344,2010,-665
-1338,2011,-673
-1332,2013,-680
-1330,2013,-683
-1326,2014,-688
-1323,2015,-691
-1317,2016,-699
-1311,2018,-706
-1306,2019,-712
-1305,2019,-714
-1298,2020,-721
-1296,2021,-724
-1290,2022,-732
-1287,2023,-735
-1283,2023,-740
-1277,2025,-747
-1268,2026,-758
-1270,2026,-755
-1259,2028,-768
-1257,2028,-771
-1255,2028,-773
-1249,2030,-780
-1242,2031,-788
-1240,2031,-791
-1233,2032,-798
-1231,2032,-801
-1227,2033,-806
-1220,2034,-813
-1218,2034,-816
-1214,2035,-821
-1211,2035,-824
-1204,2036,-831
-1198,2037,-839
-1195,2037,-841
-1191,2038,-846
-1189,2038,-849
-1185,2039,-853
-1182,2039,-856
-1175,2040,-864
-1169,2040,-871
-1166,2041,-874
-1162,2041,-878
-1157,2041,-884
-1155,2042,-886
-1146,2042,-896
-1137,2043,-906
-1139,2043,-903
-1134,2043,-909
-1126,2044,-918
-1123,2044,-921
-1116,2045,-928
-1114,2045,-931
-1109,2045,-935
-1102,2045,-942
-1100,2046,-945
-1096,2046,-950
-1093,2046,-952
-1086,2046,-960
-1079,2046,-967
-1076,2047,-970
-1072,2047,-974
-1065,2047,-981
-1056,2047,-991
-1053,2047,-994
-1049,2047,-998
-1042,2047,-1005
-1039,2047,-1008
-1035,2047,-1012
-1025,2047,-1022
-1019,2047,-1028
-1018,2047,-1029
-1011,2047,-1036
-1004,2047,-1043
-994,2047,-1053
-987,2047,-1060
-981,2047,-1065
-972,2047,-1074
-962,2046,-1084
-119,1830,-1710
-84,1814,-1730
-48,1797,-1748
-12,1779,-1767
-332,1916,-1583
23,1761,-1785
58,1743,-1802
-419,1945,-1526
-438,1951,-1513
94,1724,-1819
-473,1962,-1489
130,1704,-1835
-542,1981,-1439
-811,2034,-1222
165,1684,-1850
-610,1998,-1387
201,1664,-1865
212,1657,-1870
220,1652,-1873
237,1643,-1880
248,1636,-1884
256,1631,-1887
264,1626,-1891
272,1621,-1894
291,1609,-1901
299,1604,-1904
307,1599,-1907
322,1590,-1912
327,1587,-1914
343,1576,-1920
354,1569,-1924
362,1564,-1926
370,1559,-1929
378,1553,-1932
387,1547,-1935
397,1541,-1938
405,1535,-1941
413,1530,-1943
427,1520,-1948
432,1517,-1949
448,1506,-1954
459,1498,-1958
467,1493,-1960
470,1490,-1961
483,1481,-1965
486,1479,-1966
494,1474,-1968
502,1468,-1970
510,1462,-1972
517,1456,-1974
527,1450,-1977
536,1443,-1980
544,1437,-1982
552,1431,-1984
563,1423,-1986
566,1421,-1987
571,1417,-1988
586,1405,-1992
589,1403,-1993
597,1397,-1995
605,1391,-1997
613,1385,-1998
620,1379,-2000
631,1371,-2002
634,1368,-2003
639,1365,-2004
654,1353,-2007
657,1350,-2008
665,1344,-2010
673,1338,-2011
676,1335,-2012
688,1325,-2014
691,1323,-2015
699,1317,-2016
702,1314,-2017
714,1304,-2019
722,1298,-2020
725,1296,-2021
732,1289,-2022
740,1283,-2023
743,1280,-2024
748,1277,-2025
755,1270,-2026
766,1261,-2027
773,1255,-2029
776,1252,-2029
788,1242,-2031
791,1239,-2031
799,1233,-2032
802,1230,-2032
806,1226,-2033
814,1220,-2034
821,1213,-2035
827,1208,-2036
839,1198,-2037
837,1199,-2037
846,1191,-2038
854,1184,-2039
864,1175,-2040
859,1179,-2039
871,1168,-2040
879,1162,-2041
886,1155,-2042
889,1152,-2042
896,1146,-2042
904,1139,-2043
911,1132,-2044
918,1125,-2044
921,1123,-2044
928,1116,-2045
936,1109,-2045
943,1102,-2045
950,1095,-2046
960,1086,-2046
967,1079,-2046
970,1076,-2047
974,1072,-2047
981,1065,-2047
991,1055,-2047
999,1048,-2047
1006,1041,-2047
1013,1034,-2047
1023,1024,-2047
1030,1017,-2047
1037,1010,-2047
1044,1003,-2047
1046,1000,-2047
1060,986,-2047
1067,979,-2047
1074,972,-2047
1084,962,-2046
1091,955,-2046
1104,940,-2045
1114,930,-2045
1128,916,-2044
1134,908,-2043
1151,891,-2042
1157,884,-2041
1164,876,-2041
1193,844,-2038
1670,190,-1861
1710,119,-1830
1730,83,-1814
1749,48,-1797
1439,541,-1981
1767,12,-1779
1785,-23,-1761
1794,-42,-1751
1802,-59,-1743
1811,-78,-1732
1819,-94,-1724
1824,-106,-1718
1831,-122,-1709
1835,-130,-1704
1847,-158,-1689
1850,-166,-1684
1859,-185,-1673
1862,-193,-1668
1865,-201,-1664
1873,-221,-1652
1877,-229,-1647
1880,-237,-1642
1891,-264,-1626
1894,-272,-1621
1898,-284,-1614
1901,-292,-1609
1907,-308,-1599
1908,-311,-1597
1911,-319,-1592
1917,-335,-1581
1920,-343,-1576
1924,-354,-1569
1929,-370,-1558
1932,-378,-1553
1936,-389,-1546
1938,-397,-1540
1941,-405,-1535
1943,-413,-1530
1947,-424,-1522
1952,-440,-1511
1954,-448,-1506
1955,-451,-1503
1960,-467,-1492
1962,-475,-1487
1965,-483,-1481
1968,-494,-1473
1970,-502,-1468
1972,-510,-1462
1975,-518,-1456
1975,-521,-1454
1980,-537,-1443
1981,-543,-1438
1984,-552,-1431
1986,-563,-1423
1987,-566,-1421
1990,-579,-1411
1992,-587,-1405
1993,-590,-1403
1995,-597,-1397
1997,-605,-1391
1998,-613,-1385
2000,-621,-1379
2001,-624,-1377
2003,-632,-1371
2004,-639,-1364
2006,-647,-1358
2008,-655,-1352
2010,-665,-1344
2011,-673,-1338
2013,-681,-1331
2014,-689,-1325
2015,-692,-1323
2016,-699,-1317
2018,-707,-1310
2019,-714,-1304
2020,-722,-1298
2021,-725,-1295
2022,-733,-1289
2023,-740,-1283
2024,-743,-1280
2026,-755,-1270
2026,-758,-1267
2027,-766,-1261
2029,-776,-1252
2029,-773,-1255
2030,-781,-1248
2031,-789,-1242
2032,-799,-1233
2033,-802,-1230
2033,-806,-1226
2034,-814,-1220
2035,-821,-1213
2035,-824,-1211
2036,-832,-1204
2037,-835,-1201
2037,-839,-1197
2038,-847,-1191
2039,-854,-1184
2039,-857,-1182
2040,-864,-1175
2040,-872,-1168
2041,-875,-1166
2041,-879,-1161
2042,-886,-1155
2042,-889,-1152
2042,-897,-1145
2043,-904,-1139
2043,-910,-1133
2044,-911,-1132
2044,-918,-1125
2045,-929,-1116
2045,-931,-1113
2045,-936,-1109
2045,-943,-1102
2046,-946,-1099
2046,-950,-1095
2046,-960,-1085
2046,-963,-1083
2046,-967,-1079
2047,-975,-1072
2047,-977,-1069
2047,-982,-1065
2047,-992,-1055
2047,-1002,-1045
2047,-999,-1048
2047,-1006,-1041
2047,-1009,-1038
2047,-1013,-1034
2047,-1023,-1024
2047,-1028,-1019
2047,-1030,-1017
2047,-1037,-1010
2047,-1047,-1000
2047,-1044,-1003
2047,-1063,-983
2047,-1061,-986
2047,-1068,-979
2047,-1075,-972
2046,-1087,-959
2046,-1084,-962
2046,-1091,-954
2046,-1098,-947
2045,-1105,-940
2045,-1114,-930
2044,-1121,-923
2044,-1128,-915
2043,-1137,-905
2043,-1135,-908
2042,-1153,-888
2041,-1158,-883
2041,-1164,-876
1796,-1749,-47
1761,-1785,23
1743,-1802,59
1889,-1628,-261
1724,-1819,95
1704,-1835,130
1928,-1561,-367
1684,-1851,166
1940,-1537,-402
1663,-1866,202
1961,-1489,-472
1642,-1880,237
1981,-1439,-541
1626,-1891,265
1621,-1894,273
1609,-1901,292
1604,-1904,300
1599,-1907,308
1586,-1914,327
1576,-1920,343
1569,-1924,355
1558,-1929,371
1551,-1933,382
1553,-1932,379
1540,-1938,398
1535,-1941,406
1529,-1944,414
1516,-1950,433
1511,-1952,441
1505,-1955,449
1498,-1958,460
1492,-1960,468
1487,-1963,476
1481,-1965,483
1473,-1968,494
1467,-1970,502
1462,-1972,510
1456,-1975,518
1442,-1980,537
1438,-1981,543
1436,-1982,545
1431,-1984,553
1414,-1989,574
1417,-1988,571
1411,-1990,579
1405,-1992,587
1397,-1995,598
1391,-1997,606
1385,-1998,613
1379,-2000,621
1370,-2003,632
1357,-2006,649
1358,-2006,647
1350,-2008,658
1352,-2008,655
1343,-2010,666
1337,-2011,673
1331,-2013,681
1323,-2015,692
1325,-2014,689
1314,-2017,702
1310,-2018,707
1304,-2019,715
1298,-2020,722
1289,-2022,733
1275,-2025,749
1282,-2023,741
1276,-2025,748
1270,-2026,756
1262,-2027,765
1261,-2028,766
1254,-2029,774
1248,-2030,781
1241,-2031,789
1236,-2032,795
1232,-2032,799
1226,-2033,807
1219,-2034,814
1212,-2035,823
1213,-2035,822
1204,-2036,832
1195,-2037,842
1197,-2037,839
1190,-2038,847
1184,-2039,854
1172,-2040,867
1175,-2040,865
1168,-2040,872
1161,-2041,879
1154,-2042,887
1152,-2042,890
1145,-2042,897
1136,-2043,907
1132,-2044,911
1129,-2044,914
1125,-2044,919
1107,-2045,937
1115,-2045,929
1108,-2045,936
1102,-2045,943
1094,-2046,952
1095,-2046,951
1085,-2046,961
1076,-2047,971
1078,-2047,968
1071,-2047,975
1064,-2047,982
1055,-2047,992
1045,-2047,1002
1048,-2047,999
1041,-2047,1006
1034,-2047,1013
1028,-2047,1019
1024,-2047,1023
1014,-2047,1033
1010,-2047,1037
1007,-2047,1040
1003,-2047,1044
993,-2047,1054
983,-2047,1064
978,-2047,1068
973,-2047,1073
971,-2047,1075
961,-2046,1084
954,-2046,1091
947,-2046,1098
940,-2045,1105
930,-2045,1115
922,-2044,1121
915,-2044,1128
908,-2043,1135
898,-2043,1144
890,-2042,1151
883,-2041,1158
876,-2041,1165
865,-2040,1174
