575,-1989,1414
572,-1989,1416
557,-1985,1428
549,-1983,1434
541,-1981,1439
530,-1978,1447
514,-1974,1459
511,-1973,1461
506,-1971,1465
487,-1966,1478
472,-1961,1489
461,-1958,1497
453,-1956,1503
437,-1951,1514
426,-1947,1521
410,-1942,1532
402,-1940,1537
375,-1931,1556
367,-1928,1561
347,-1921,1573
331,-1916,1584
304,-1906,1601
296,-1903,1606
261,-1889,1628
241,-1882,1640
225,-1875,1650
190,-1860,1670
162,-1849,1686
154,-1845,1691
118,-1830,1711
83,-1813,1730
47,-1796,1749
11,-1779,1767
-24,-1761,1785
-59,-1742,1802
-95,-1723,1819
-131,-1704,1835
-166,-1684,1851
-202,-1663,1866
-230,-1647,1877
-238,-1642,1880
-273,-1620,1894
-292,-1608,1901
-308,-1598,1907
-336,-1581,1917
-344,-1576,1920
-371,-1558,1929
-379,-1553,1932
-406,-1535,1941
-414,-1529,1944
-425,-1522,1947
-449,-1505,1955
-452,-1503,1956
-476,-1486,1963
-484,-1481,1965
-495,-1473,1968
-511,-1461,1973
-518,-1456,1975
-537,-1442,1980
-553,-1430,1984
-564,-1422,1987
-559,-1426,1985
-579,-1411,1991
-587,-1405,1992
-606,-1390,1997
-614,-1384,1999
-621,-1378,2000
-632,-1370,2003
-648,-1358,2006
-655,-1352,2008
-666,-1343,2010
-674,-1337,2011
-681,-1331,2013
-689,-1325,2014
-700,-1316,2016
-707,-1310,2018
-715,-1304,2019
-723,-1297,2020
-733,-1288,2022
-748,-1276,2025
-756,-1269,2026
-759,-1267,2026
-767,-1260,2028
-782,-1248,2030
-789,-1241,2031
-800,-1232,2032
-795,-1236,2032
-815,-1219,2034
-822,-1213,2035
-825,-1210,2035
-832,-1203,2036
-840,-1197,2037
-847,-1190,2038
-855,-1184,2039
-865,-1174,2040
-872,-1168,2040
-880,-1161,2041
-887,-1154,2042
-897,-1145,2043
-904,-1138,2043
-912,-1131,2044
-919,-1124,2044
-929,-1115,2045
-920,-1123,2044
-936,-1108,2045
-951,-1094,2046
-946,-1099,2046
-961,-1085,2046
-968,-1078,2047
-975,-1071,2047
-982,-1064,2047
-985,-1061,2047
-992,-1054,2047
-999,-1047,2047
-1007,-1040,2047
-1014,-1033,2047
-1023,-1024,2047
-1030,-1017,2047
-1037,-1009,2047
-1044,-1002,2047
-1043,-1004,2047
-1054,-992,2047
-1061,-985,2047
-1068,-978,2047
-1075,-971,2047
-1085,-961,2046
-1092,-954,2046
-1105,-939,2045
-1108,-937,2045
-1115,-929,2045
-1122,-922,2044
-1128,-915,2044
-1135,-908,2043
-1145,-897,2043
-1151,-890,2042
-1154,-887,2042
-1165,-875,2041
-1170,-870,2040
-1181,-858,2039
-1187,-850,2038
-1194,-843,2037
-1203,-833,2036
-1210,-825,2035
-1216,-818,2035
-1223,-810,2034
-1232,-800,2032
-1245,-785,2030
-1251,-777,2029
-1260,-767,2028
-1267,-759,2026
-1273,-752,2025
-1279,-744,2024
-1295,-726,2021
-1307,-711,2018
-1310,-708,2018
-1322,-692,2015
-1328,-685,2014
-1335,-677,2012
-1355,-651,2007
-1361,-643,2005
-1376,-625,2001
-1382,-617,1999
-1388,-609,1998
-1408,-583,1991
-1414,-575,1989
-1434,-548,1983
-1440,-541,1981
-1465,-506,1971
-1478,-487,1966
-1490,-471,1961
-1514,-436,1951
-1527,-417,1945
-1538,-401,1940
-1561,-366,1928
-1584,-331,1915
-1606,-296,1903
-1650,-225,1875
-1671,-189,1860
-1711,-118,1829
-1749,-46,1796
-1767,-11,1779
-1785,24,1761
-1802,60,1742
-1835,131,1704
-1851,167,1684
-1866,202,1663
-1877,230,1647
-1880,238,1642
-1894,273,1620
-1904,301,1603
-1907,309,1598
-1920,344,1576
-1924,355,1568
-1932,379,1552
-1939,398,1540
-1944,414,1529
-1947,425,1521
-1952,441,1510
-1955,449,1505
-1965,484,1480
-1968,495,1473
-1970,503,1467
-1975,519,1456
-1978,530,1448
-1980,538,1442
-1984,553,1430
-1987,564,1422
-1991,580,1410
-1992,588,1404
-1995,598,1396
-1999,614,1384
-2000,622,1378
-2003,633,1370
-2006,648,1358
-2008,656,1351
-2010,666,1343
-2011,674,1337
-2013,682,1331
-2014,689,1324
-2018,708,1310
-2019,715,1303
-2021,723,1297
-2022,729,1292
-2024,741,1282
-2025,749,1276
-2026,756,1269
-2028,767,1260
-2029,774,1254
-2030,782,1247
-2031,789,1241
-2032,800,1232
-2034,815,1219
-2035,822,1212
-2035,825,1210
-2036,833,1203
-2037,840,1197
-2038,848,1190
-2039,855,1183
-2040,865,1174
-2040,873,1167
-2041,880,1161
-2042,887,1154
-2042,893,1149
-2043,905,1138
-2044,912,1131
-2044,919,1124
-2045,929,1115
-2045,932,1112
-2045,937,1108
-2045,944,1101
-2046,951,1094
-2046,961,1085
-2047,968,1078
-2047,976,1071
-2047,983,1064
-2047,993,1054
-2047,1000,1047
-2047,1007,1040
-2047,1010,1037
-2047,1014,1033
-2048,1024,1023
-2047,1026,1021
-2047,1038,1009
-2047,1045,1002
-2047,1048,999
-2047,1055,992
-2047,1068,978
-2047,1075,971
-2046,1081,965
-2046,1085,961
-2046,1092,954
-2046,1099,946
-2045,1106,939
-2045,1115,929
-2044,1122,922
-2044,1129,915
-2043,1136,907
-2042,1145,897
-2042,1152,890
-2041,1158,882
-2041,1165,875
-2040,1174,865
-2039,1181,857
-2038,1188,850
-2037,1194,843
-2036,1204,832
-2035,1210,825
-2034,1223,810
-2032,1235,797
-2031,1239,792
-2030,1245,784
-2029,1252,777
-2028,1261,766
-2025,1273,751
-2024,1280,744
-2022,1289,733
-2020,1301,718
-2018,1307,710
-2016,1316,700
-2015,1322,692
-2012,1335,677
-2010,1343,666
-2007,1356,651
-2005,1362,643
-1999,1382,617
-1997,1388,609
-1993,1402,590
-1989,1414,575
-1987,1422,564
-1981,1440,540
-1976,1454,521
-1971,1465,506
-1964,1484,479
-1961,1490,471
-1951,1514,436
-1939,1538,401
-1930,1556,374
-1928,1561,366
-1915,1584,331
-1902,1607,295
-1875,1650,224
-1860,1671,189
-1845,1691,153
-1829,1711,118
-1813,1730,82
-1796,1749,46
-1779,1768,10
-1761,1785,-24
-1742,1803,-60
-1727,1816,-88
-1723,1819,-96
-1703,1835,-131
-1688,1847,-159
-1683,1851,-167
-1663,1866,-203
-1651,1874,-222
-1642,1880,-238
-1630,1888,-258
-1620,1894,-274
-1613,1899,-285
-1608,1902,-293
-1598,1908,-309
-1586,1915,-328
-1581,1917,-336
-1575,1920,-344
-1563,1927,-364
-1552,1932,-380
-1545,1936,-391
-1539,1939,-399
-1534,1941,-407
-1529,1944,-415
-1516,1950,-434
-1505,1955,-450
-1503,1956,-453
-1491,1961,-469
-1486,1963,-477
-1480,1965,-484
-1472,1968,-495
-1467,1971,-503
-1461,1973,-511
-1455,1975,-519
-1447,1978,-530
-1442,1980,-538
-1430,1984,-554
-1428,1985,-557
-1416,1989,-572
-1410,1991,-580
-1404,1993,-588
-1402,1993,-591
-1396,1995,-599
-1384,1999,-614
-1378,2000,-622
-1376,2001,-625
-1370,2003,-633
-1363,2005,-641
-1357,2006,-648
-1351,2008,-656
-1343,2010,-667
-1337,2012,-674
-1330,2013,-682
-1324,2014,-690
-1316,2016,-700
-1313,2017,-703
-1303,2019,-716
-1297,2021,-723
-1294,2021,-726
-1288,2022,-734
-1282,2024,-742
-1275,2025,-749
-1269,2026,-757
-1266,2026,-760
-1260,2028,-767
-1247,2030,-782
-1245,2030,-785
-1241,2031,-790
-1232,2032,-800
-1223,2034,-811
-1219,2034,-815
-1212,2035,-823
-1209,2035,-826
-1203,2036,-833
-1196,2037,-840
-1190,2038,-848
-1183,2039,-855
-1174,2040,-866
-1171,2040,-868
-1167,2040,-873
-1160,2041,-880
-1154,2042,-888
-1144,2043,-898
-1138,2043,-905
-1135,2043,-908
-1124,2044,-920
-1121,2044,-923
-1114,2045,-930
-1108,2045,-937
-1101,2046,-944
-1094,2046,-951
-1091,2046,-954
-1084,2046,-961
-1077,2047,-969
-1070,2047,-976
-1063,2047,-983
-1054,2047,-993
-1047,2047,-1000
-1040,2047,-1007
-1033,2047,-1014
-1030,2047,-1017
-1023,2047,-1024
-1016,2047,-1031
-1002,2047,-1045
-999,2047,-1048
-992,2047,-1055
-978,2047,-1069
-970,2047,-1076
-968,2047,-1078
-960,2046,-1085
-946,2046,-1099
-939,2045,-1106
-929,2045,-1115
-926,2044,-1118
-914,2044,-1129
-907,2043,-1136
-897,2042,-1145
-882,2041,-1159
-875,2041,-1165
-872,2040,-1168
-857,2039,-1181
-842,2037,-1195
-832,2036,-1204
-817,2034,-1217
-810,2034,-1223
-799,2032,-1233
-777,2029,-1252
-766,2027,-1261
-751,2025,-1274
-743,2024,-1280
-718,2020,-1301
-710,2018,-1308
-676,2012,-1335
-650,2007,-1356
-643,2005,-1362
-608,1997,-1388
-574,1989,-1414
-540,1980,-1440
-471,1961,-1490
-260,1889,-1629
-117,1829,-1711
-46,1796,-1750
-10,1778,-1768
60,1742,-1803
88,1727,-1816
96,1723,-1819
132,1703,-1836
167,1683,-1851
203,1663,-1866
231,1646,-1877
239,1641,-1881
274,1620,-1894
293,1608,-1902
309,1598,-1908
329,1585,-1915
345,1575,-1920
364,1563,-1927
380,1552,-1932
399,1539,-1939
415,1528,-1944
426,1521,-1948
434,1515,-1950
450,1504,-1955
464,1495,-1959
477,1486,-1963
485,1480,-1965
504,1466,-1971
519,1455,-1975
530,1447,-1978
538,1441,-1980
554,1430,-1984
565,1422,-1987
580,1410,-1991
588,1404,-1993
599,1396,-1995
607,1390,-1997
615,1384,-1999
622,1378,-2001
641,1363,-2005
656,1351,-2008
659,1349,-2008
667,1342,-2010
675,1336,-2012
690,1324,-2015
701,1315,-2017
704,1313,-2017
716,1303,-2019
724,1296,-2021
734,1288,-2022
742,1281,-2024
749,1275,-2025
757,1269,-2026
767,1260,-2028
775,1253,-2029
783,1247,-2030
790,1240,-2031
801,1231,-2032
808,1225,-2033
815,1218,-2034
823,1212,-2035
833,1203,-2036
836,1200,-2037
848,1189,-2038
856,1183,-2039
866,1173,-2040
864,1175,-2040
881,1160,-2041
888,1153,-2042
891,1151,-2042
898,1144,-2043
905,1137,-2043
913,1130,-2044
920,1124,-2044
930,1114,-2045
937,1107,-2045
945,1100,-2046
952,1094,-2046
962,1084,-2046
957,1088,-2046
969,1077,-2047
976,1070,-2047
983,1063,-2047
993,1054,-2047
1000,1047,-2047
1007,1040,-2047
1014,1032,-2047
1017,1030,-2047
1024,1023,-2047
1031,1016,-2047
1038,1009,-2047
1045,1001,-2047
1048,999,-2047
1055,992,-2047
1069,977,-2047
1076,970,-2047
1079,967,-2046
1086,960,-2046
1088,957,-2046
1099,946,-2046
1106,939,-2045
1109,936,-2045
1116,928,-2045
1129,914,-2044
1136,907,-2043
1135,908,-2043
1146,896,-2042
1152,889,-2042
1159,882,-2041
1166,874,-2041
1168,872,-2040
1175,864,-2040
1182,857,-2039
1188,849,-2038
1195,842,-2037
1204,832,-2036
1211,824,-2035
1224,809,-2033
1226,806,-2033
1233,799,-2032
1239,791,-2031
1246,784,-2030
1252,776,-2029
1261,766,-2027
1268,758,-2026
1280,743,-2024
1283,740,-2023
1289,733,-2022
1302,717,-2020
1308,710,-2018
1317,699,-2016
1323,691,-2015
1335,676,-2012
1338,673,-2011
1344,665,-2010
1356,650,-2007
1362,642,-2005
1377,624,-2001
1383,616,-1999
1389,608,-1997
1397,597,-1995
1415,574,-1989
1417,571,-1988
1435,547,-1982
1440,540,-1980
1448,529,-1977
1466,505,-1971
1473,494,-1968
1485,478,-1963
1490,470,-1961
1515,435,-1950
1522,424,-1947
1538,400,-1939
1551,381,-1933
1562,365,-1927
1585,330,-1915
1592,319,-1911
1607,295,-1902
1629,259,-1889
1650,224,-1875
1671,188,-1860
1692,153,-1845
1711,117,-1829
1731,81,-1813
1750,45,-1796
1768,10,-1778
1786,-25,-1760
1803,-61,-1742
1820,-96,-1723
1836,-132,-1703
1851,-168,-1683
1863,-195,-1667
1866,-203,-1662
1881,-239,-1641
1891,-266,-1625
1895,-274,-1620
1908,-310,-1597
1915,-329,-1585
1920,-345,-1575
1927,-364,-1562
1933,-380,-1552
1936,-391,-1544
1942,-407,-1534
1944,-415,-1528
1953,-442,-1510
1955,-450,-1504
1961,-469,-1491
1965,-485,-1480
1968,-496,-1472
1973,-512,-1461
1975,-520,-1455
1980,-539,-1441
1982,-546,-1435
1984,-554,-1429
1989,-573,-1415
1991,-581,-1410
1993,-589,-1404
1995,-599,-1395
1999,-615,-1383
2001,-623,-1377
2003,-633,-1369
2006,-649,-1357
2008,-657,-1351
2010,-667,-1342
2012,-675,-1336
2015,-690,-1324
2015,-693,-1321
2017,-701,-1315
2019,-716,-1302
2021,-724,-1296
2022,-735,-1287
2024,-742,-1281
2025,-750,-1275
2026,-757,-1268
2028,-768,-1259
2029,-775,-1253
2030,-783,-1247
2031,-790,-1240
2032,-801,-1231
2033,-808,-1225
2035,-823,-1211
2036,-826,-1209
2036,-834,-1202
2037,-841,-1196
2038,-848,-1189
2039,-856,-1182
2040,-866,-1173
2041,-874,-1166
2041,-881,-1160
2042,-888,-1153
2043,-898,-1144
2043,-906,-1137
2044,-913,-1130
2044,-920,-1123
2045,-930,-1114
2045,-938,-1107
2046,-945,-1100
2046,-952,-1093
2046,-955,-1091
2046,-962,-1084
2047,-969,-1077
2047,-976,-1070
2047,-984,-1063
2047,-993,-1053
2047,-1001,-1046
2047,-1003,-1044
2047,-1015,-1032
2047,-1018,-1029
2047,-1025,-1022
2047,-1032,-1015
2047,-1039,-1008
2047,-1046,-1001
2047,-1055,-991
2047,-1062,-984
2047,-1069,-977
2047,-1076,-970
2046,-1089,-957
2046,-1086,-960
2046,-1100,-945
2045,-1106,-938
2045,-1116,-928
2044,-1123,-921
2044,-1130,-914
2043,-1136,-906
2042,-1146,-896
2042,-1153,-889
2041,-1159,-881
2041,-1166,-874
2040,-1175,-864
2038,-1189,-849
2037,-1195,-842
2036,-1204,-831
2035,-1211,-824
2034,-1217,-816
2033,-1224,-809
2032,-1236,-796
2030,-1246,-784
2029,-1252,-776
2026,-1268,-758
2025,-1274,-750
2024,-1281,-743
2019,-1302,-717
2018,-1308,-709
2016,-1317,-699
2013,-1329,-683
2012,-1336,-676
2006,-1356,-650
2005,-1362,-642
1999,-1383,-616
1997,-1389,-608
1991,-1409,-581
1989,-1415,-574
1980,-1441,-539
1973,-1460,-513
1961,-1490,-470
1953,-1509,-443
1939,-1539,-400
1927,-1562,-365
1902,-1607,-294
1874,-1651,-223
1829,-1712,-117
1795,-1750,-45
1760,-1786,25
1722,-1820,97
1703,-1836,133
1662,-1866,204
1641,-1881,239
1619,-1895,275
1597,-1908,310
1585,-1915,329
1575,-1921,345
1552,-1933,381
1539,-1939,400
1528,-1944,416
1510,-1953,443
1504,-1955,451
1480,-1965,485
1466,-1971,504
1455,-1975,520
1441,-1980,539
1429,-1984,555
1421,-1987,565
1409,-1991,581
1403,-1993,589
1383,-1999,615
1377,-2001,623
1363,-2005,642
1357,-2006,649
1350,-2008,657
1333,-2012,678
1323,-2015,691
1315,-2017,701
1308,-2018,709
1302,-2019,717
1296,-2021,724
1276,-2025,748
1274,-2025,750
1268,-2026,758
1259,-2028,768
1253,-2029,776
1240,-2031,791
1231,-2032,801
1222,-2034,812
1218,-2034,816
1211,-2035,824
1202,-2036,834
1193,-2038,844
1189,-2038,849
1182,-2039,856
1173,-2040,866
1166,-2041,874
1160,-2041,881
1153,-2042,889
1143,-2043,899
1134,-2043,909
1130,-2044,913
1120,-2044,923
1123,-2044,921
1104,-2045,941
1107,-2045,938
1100,-2046,945
1093,-2046,952
1083,-2046,962
1077,-2047,970
1070,-2047,977
1067,-2047,980
1063,-2047,984
1053,-2047,994
1046,-2047,1001
1039,-2047,1008
1029,-2047,1018
1032,-2047,1015
1012,-2047,1035
1015,-2047,1032
1008,-2047,1039
1001,-2047,1046
991,-2047,1056
978,-2047,1068
984,-2047,1063
977,-2047,1070
970,-2047,1077
960,-2046,1086
947,-2046,1098
952,-2046,1093
945,-2046,1100
938,-2045,1107
928,-2045,1116
925,-2044,1119
921,-2044,1123
913,-2044,1130
906,-2043,1137
896,-2042,1146
880,-2041,1161
889,-2042,1153
881,-2041,1160
874,-2041,1166
864,-2040,1176
861,-2039,1178
856,-2039,1182
849,-2038,1189
841,-2037,1195
828,-2036,1207
831,-2036,1205
824,-2035,1211
816,-2034,1218
809,-2033,1224
792,-2031,1238
791,-2031,1240
783,-2030,1246
780,-2030,1249
776,-2029,1253
765,-2027,1262
749,-2025,1276
758,-2026,1268
750,-2025,1274
742,-2024,1281
732,-2022,1290
715,-2019,1303
717,-2019,1302
714,-2019,1305
709,-2018,1309
698,-2016,1317
691,-2015,1323
683,-2013,1330
675,-2012,1336
665,-2010,1344
657,-2008,1350
649,-2006,1357
639,-2004,1365
642,-2005,1363
631,-2002,1371
623,-2001,1377
615,-1999,1383
607,-1997,1389
597,-1995,1397
589,-1993,1403
573,-1989,1415
570,-1988,1417
562,-1986,1423
547,-1982,1435
539,-1980,1441
528,-1977,1449
520,-1975,1455
504,-1971,1466
501,-1970,1468
485,-1965,1480
477,-1963,1485
470,-1961,1491
451,-1955,1504
443,-1953,1510
435,-1950,1515
416,-1944,1528
400,-1939,1539
389,-1935,1546
373,-1930,1557
365,-1927,1562
345,-1921,1575
329,-1915,1585
302,-1905,1602
294,-1902,1607
267,-1892,1624
259,-1888,1629
231,-1878,1646
223,-1874,1651
188,-1860,1672
152,-1844,1692
116,-1829,1712
89,-1816,1727
81,-1812,1731
45,-1795,1750
9,-1778,1768
-26,-1760,1786
-61,-1741,1803
-97,-1722,1820
-133,-1703,1836
-160,-1687,1848
-169,-1683,1852
-204,-1662,1867
-232,-1646,1878
-240,-1641,1881
-275,-1619,1895
-302,-1602,1905
-310,-1597,1908
-330,-1585,1915
-346,-1574,1921
-373,-1557,1930
-381,-1551,1933
-400,-1539,1939
-416,-1528,1944
-435,-1515,1950
-451,-1504,1955
-454,-1502,1956
-478,-1485,1963
-486,-1479,1966
-497,-1471,1969
-513,-1460,1973
-520,-1454,1975
-539,-1441,1980
-547,-1435,1982
-555,-1429,1984
-574,-1415,1989
-581,-1409,1991
-589,-1403,1993
-608,-1389,1997
-616,-1383,1999
-623,-1377,2001
-642,-1362,2005
-650,-1356,2006
-657,-1350,2008
-668,-1342,2010
-676,-1336,2012
-691,-1323,2015
-694,-1321,2015
-709,-1308,2018
-717,-1302,2019
-725,-1296,2021
-735,-1287,2023
-743,-1281,2024
-750,-1274,2025
-758,-1268,2026
-768,-1259,2028
-776,-1252,2029
-784,-1246,2030
-791,-1240,2031
-801,-1231,2032
-809,-1224,2033
-824,-1211,2035
-827,-1208,2036
-834,-1202,2036
-842,-1195,2037
-849,-1189,2038
-856,-1182,2039
-867,-1173,2040
-874,-1166,2041
-881,-1159,2041
-889,-1153,2042
-899,-1143,2043
-906,-1136,2043
-914,-1130,2044
-921,-1123,2044
-924,-1120,2044
-931,-1113,2045
-938,-1106,2045
-953,-1093,2046
-955,-1090,2046
-963,-1083,2046
-970,-1076,2047
-977,-1069,2047
-984,-1062,2047
-994,-1053,2047
-1001,-1046,2047
-1008,-1039,2047
-1015,-1032,2047
-1017,-1030,2047
-1032,-1015,2047
-1039,-1008,2047
-1046,-1001,2047
-1045,-1002,2047
-1056,-991,2047
-1070,-976,2047
-1073,-974,2047
-1077,-969,2047
-1093,-952,2046
-1100,-945,2046
-1107,-938,2045
-1110,-935,2045
-1117,-928,2045
-1123,-920,2044
-1137,-906,2043
-1140,-903,2043
-1153,-888,2042
-1160,-881,2041
-1167,-873,2041
-1169,-871,2040
-1182,-856,2039
-1189,-848,2038
-1196,-841,2037
-1205,-831,2036
-1211,-823,2035
-1218,-816,2034
-1225,-808,2033
-1240,-790,2031
-1247,-783,2030
-1253,-775,2029
-1262,-765,2027
-1268,-757,2026
-1281,-742,2024
-1290,-732,2022
-1302,-716,2019
-1309,-709,2018
-1317,-698,2016
-1330,-683,2013
-1336,-675,2012
-1351,-657,2008
-1363,-641,2005
-1371,-630,2002
-1377,-623,2001
-1389,-607,1997
-1404,-589,1993
-1415,-573,1989
-1429,-554,1984
-1441,-539,1980
-1461,-512,1973
-1466,-504,1971
-1485,-477,1963
-1491,-469,1961
-1515,-434,1950
-1534,-407,1942
-1539,-399,1939
-1562,-364,1927
-1585,-329,1915
-1608,-294,1902
-1651,-223,1874
-1672,-187,1860
-1692,-152,1844
-1731,-80,1812
-1750,-44,1795
-1786,26,1760
-1803,62,1741
-1820,98,1722
-1836,133,1702
-1852,169,1682
-1867,204,1662
-1875,224,1650
-1881,240,1641
-1895,275,1619
-1905,303,1602
-1908,311,1597
-1918,338,1579
-1921,346,1574
-1930,373,1556
-1933,381,1551
-1944,416,1528
-1948,427,1520
-1953,443,1509
-1955,451,1504
-1963,478,1485
-1966,486,1479
-1971,505,1466
-1975,521,1454
-1978,532,1446
-1982,547,1435
-1984,555,1429
-1987,566,1421
-1991,582,1409
-1993,590,1403
-1996,600,1395
-1999,616,1383
-2001,624,1377
-2003,634,1368
-2007,650,1356
-2009,661,1348
-2008,658,1350
-2012,676,1335
-2013,684,1329
-2015,691,1323
-2017,702,1314
-2020,717,1302
-2021,725,1295
-2023,736,1287
-2024,743,1280
-2025,751,1274
-2026,758,1268
-2028,769,1259
-2030,784,1246
-2030,787,1243
-2031,791,1239
-2033,809,1224
-2034,817,1217
-2035,824,1211
-2036,830,1206
-2037,835,1201
-2037,842,1195
-2039,857,1182
-2040,867,1172
-2040,870,1170
-2041,874,1166
-2041,882,1159
-2042,889,1152
-2043,907,1136
-2043,909,1133
-2044,914,1129
-2044,921,1123
-2045,931,1113
-2045,939,1106
-2046,946,1099
-2046,953,1092
-2046,963,1083
-2047,970,1076
-2047,977,1069
-2047,984,1062
-2047,994,1052
-2047,997,1050
-2047,1001,1045
-2047,1009,1038
-2047,1016,1031
-2047,1025,1022
-2047,1033,1014
-2047,1040,1007
-2047,1047,1000
-2047,1056,990
-2047,1062,985
-2047,1063,983
-2047,1070,976
-2047,1077,969
-2046,1087,959
-2046,1100,945
-2045,1110,934
-2045,1107,937
-2045,1117,927
-2044,1130,913
-2043,1140,903
-2043,1137,905
-2042,1147,895
-2041,1160,881
-2040,1169,870
-2040,1167,873
-2039,1183,856
-2038,1189,848
-2037,1196,841
-2036,1205,830
-2035,1212,823
-2034,1218,815
-2033,1225,808
-2031,1240,790
-2030,1247,783
-2029,1253,775
-2027,1262,765
-2025,1275,749
-2024,1281,742
-2021,1296,724
-2019,1303,716
-2018,1309,708
-2016,1318,698
-2013,1330,682
-2012,1336,675
-2008,1351,656
-2005,1363,641
-2002,1372,630
-1999,1384,615
-1997,1390,607
-1993,1404,588
-1989,1416,573
-1982,1436,546
-1980,1441,538
-1971,1466,504
-1965,1480,485
-1961,1491,469
-1952,1510,442
-1950,1515,434
-1939,1539,399
-1927,1563,364
-1915,1585,329
-1902,1608,293
-1894,1620,274
-1888,1630,258
-1859,1672,187
-1844,1692,151
-1828,1712,116
-1812,1732,80
-1795,1750,44
-1786,1760,25
-1778,1769,8
-1760,1786,-26
-1741,1804,-62
-1722,1820,-98
-1711,1829,-117
-1702,1836,-134
-1687,1848,-161
-1682,1852,-169
-1666,1863,-197
-1662,1867,-205
-1645,1878,-232
-1640,1881,-240
-1629,1889,-260
-1619,1895,-276
-1607,1902,-295
-1602,1905,-303
-1597,1908,-311
-1584,1915,-330
-1574,1921,-346
-1567,1925,-358
-1561,1928,-366
-1551,1933,-382
-1544,1937,-393
-1533,1942,-409
-1527,1945,-417
-1520,1948,-428
-1514,1951,-436
-1503,1955,-452
-1496,1959,-463
-1490,1961,-471
-1484,1963,-479
-1479,1966,-486
-1465,1971,-505
-1460,1973,-513
-1454,1975,-521
-1446,1978,-532
-1440,1980,-540
-1434,1983,-548
-1428,1985,-556
-1420,1987,-566
-1414,1989,-574
-1403,1993,-590
-1400,1994,-593
-1394,1996,-601
-1388,1997,-608
-1382,1999,-616
-1376,2001,-624
-1368,2003,-635
-1362,2005,-643
-1356,2007,-650
-1350,2008,-658
-1341,2010,-669
-1335,2012,-676
-1329,2013,-684
-1323,2015,-692
-1314,2017,-702
-1308,2018,-710
-1305,2019,-713
-1295,2021,-725
-1293,2021,-728
-1286,2023,-736
-1280,2024,-743
-1274,2025,-751
-1267,2026,-759
-1258,2028,-769
-1252,2029,-777
-1245,2030,-784
-1239,2031,-792
-1236,2032,-795
-1230,2033,-802
-1223,2034,-810
-1217,2034,-817
-1210,2035,-825
-1201,2037,-835
-1195,2037,-842
-1188,2038,-850
-1181,2039,-857
-1179,2039,-860
-1172,2040,-867
-1165,2041,-875
-1159,2041,-882
-1152,2042,-889
-1143,2043,-900
-1136,2043,-907
-1129,2044,-914
-1126,2044,-917
-1122,2044,-921
-1113,2045,-932
-1106,2045,-939
-1099,2046,-946
-1092,2046,-953
-1083,2046,-963
-1076,2047,-970
-1069,2047,-978
-1062,2047,-985
-1056,2047,-990
-1052,2047,-995
-1038,2047,-1009
-1033,2047,-1014
-1031,2047,-1016
-1014,2047,-1033
-1011,2047,-1036
-1000,2047,-1047
-997,2047,-1050
-990,2047,-1057
-976,2047,-1070
-969,2047,-1077
-966,2046,-1080
-951,2046,-1094
-944,2046,-1101
-937,2045,-1108
-927,2045,-1117
-912,2044,-1131
-905,2043,-1138
-899,2043,-1143
-888,2042,-1154
-880,2041,-1160
-873,2040,-1167
-855,2039,-1183
-840,2037,-1196
-830,2036,-1205
-823,2035,-1212
-808,2033,-1225
-790,2031,-1241
-782,2030,-1247
-775,2029,-1254
-749,2025,-1275
-742,2024,-1282
-723,2021,-1297
-708,2018,-1309
-674,2012,-1337
-656,2008,-1351
-641,2005,-1363
-607,1997,-1390
-572,1989,-1416
-538,1980,-1442
-503,1971,-1467
-434,1950,-1516
-328,1915,-1586
-222,1874,-1651
-115,1828,-1712
-44,1795,-1751
-8,1777,-1769
27,1759,-1787
62,1741,-1804
98,1722,-1820
126,1707,-1833
134,1702,-1836
170,1682,-1852
205,1661,-1867
233,1645,-1878
241,1640,-1881
276,1619,-1895
295,1607,-1902
311,1596,-1908
331,1584,-1915
347,1574,-1921
366,1561,-1928
382,1551,-1933
401,1538,-1939
409,1533,-1942
417,1527,-1945
444,1509,-1953
452,1503,-1956
471,1490,-1961
479,1484,-1964
487,1479,-1966
514,1459,-1973
521,1454,-1976
532,1446,-1978
548,1434,-1983
556,1428,-1985
567,1420,-1987
575,1414,-1989
590,1402,-1993
601,1394,-1996
609,1388,-1997
624,1376,-2001
635,1368,-2003
643,1362,-2005
651,1356,-2007
658,1349,-2008
669,1341,-2010
684,1329,-2013
692,1322,-2015
703,1314,-2017
710,1307,-2018
718,1301,-2020
726,1295,-2021
736,1286,-2023
744,1280,-2024
751,1273,-2025
759,1267,-2026
769,1258,-2028
777,1252,-2029
792,1239,-2031
795,1236,-2032
802,1230,-2033
810,1223,-2034
817,1217,-2034
825,1210,-2035
835,1201,-2037
843,1194,-2037
850,1188,-2038
857,1181,-2039
868,1172,-2040
875,1165,-2041
882,1158,-2041
890,1152,-2042
895,1146,-2042
900,1142,-2043
915,1129,-2044
922,1122,-2044
925,1119,-2044
932,1112,-2045
939,1106,-2045
946,1099,-2046
954,1092,-2046
956,1089,-2046
971,1075,-2047
978,1068,-2047
985,1061,-2047
988,1059,-2047
995,1052,-2047
1002,1045,-2047
1016,1031,-2047
1015,1032,-2047
1019,1028,-2047
1026,1021,-2047
1040,1007,-2047
1047,1000,-2047
1050,997,-2047
1057,990,-2047
1064,983,-2047
1071,976,-2047
1078,968,-2047
1087,958,-2046
1090,956,-2046
1101,944,-2045
1108,937,-2045
1106,938,-2045
1117,927,-2045
1124,919,-2044
1131,912,-2044
1138,905,-2043
1147,895,-2042
1154,887,-2042
1161,880,-2041
1167,873,-2040
1170,870,-2040
1177,862,-2039
1190,848,-2038
1197,840,-2037
1199,837,-2037
1206,830,-2036
1219,815,-2034
1225,807,-2033
1228,804,-2033
1234,797,-2032
1247,782,-2030
1254,774,-2029
1263,764,-2027
1269,756,-2026
1282,741,-2024
1284,738,-2023
1291,731,-2022
1297,723,-2021
1310,708,-2018
1318,697,-2016
1324,689,-2014
1337,674,-2011
1339,671,-2011
1352,656,-2008
1364,640,-2004
1372,629,-2002
1378,622,-2000
1390,606,-1997
1398,595,-1994
1410,580,-1991
1416,572,-1989
1430,553,-1984
1442,538,-1980
1456,519,-1975
1467,503,-1970
1475,492,-1967
1486,476,-1963
1492,468,-1960
1516,433,-1950
1534,406,-1941
1540,398,-1939
1558,371,-1930
1563,363,-1927
1586,328,-1914
1608,293,-1901
1630,257,-1888
1652,222,-1874
1672,186,-1859
1693,151,-1844
1713,115,-1828
1732,79,-1812
1751,43,-1795
1769,8,-1777
1787,-27,-1759
1804,-63,-1741
1821,-99,-1722
1837,-134,-1702
1852,-170,-1682
1864,-197,-1666
1867,-205,-1661
1881,-241,-1640
1895,-276,-1618
1903,-296,-1606
1909,-312,-1596
1915,-331,-1584
1918,-339,-1579
1921,-347,-1574
1933,-382,-1550
1937,-393,-1543
1942,-409,-1532
1945,-417,-1527
1953,-444,-1508
1956,-452,-1503
1961,-471,-1490
1964,-479,-1484
1966,-487,-1478
1973,-514,-1459
1976,-522,-1453
1979,-533,-1445
1983,-548,-1434
1985,-556,-1428
1987,-567,-1420
1989,-575,-1414
1993,-591,-1402
1996,-601,-1394
1999,-617,-1382
2001,-625,-1376
2003,-635,-1367
2005,-643,-1361
2007,-651,-1355
2008,-659,-1349
2012,-677,-1335
2014,-685,-1328
2015,-692,-1322
2017,-703,-1313
2018,-711,-1307
2020,-718,-1301
2021,-726,-1295
2023,-736,-1286
2024,-744,-1279
2026,-759,-1267
2027,-762,-1264
2028,-770,-1258
2030,-785,-1245
2031,-792,-1238
2032,-795,-1236
2033,-803,-1229
2035,-818,-1216
2035,-825,-1210
2037,-835,-1201
2037,-843,-1194
2038,-849,-1189
2039,-858,-1181
2039,-861,-1178
2040,-868,-1172
2041,-875,-1165
2041,-883,-1158
2042,-890,-1151
2043,-900,-1142
2043,-908,-1135
2044,-922,-1122
2044,-925,-1119
2045,-932,-1112
2045,-939,-1105
2046,-947,-1098
2046,-954,-1092
2046,-962,-1084
2047,-971,-1075
2047,-978,-1068
2047,-981,-1065
2047,-985,-1061
2047,-995,-1051
2047,-1002,-1044
2047,-1009,-1037
2047,-1017,-1030
2047,-1032,-1015
2047,-1033,-1014
2047,-1040,-1006
2047,-1047,-999
2047,-1050,-997
2047,-1057,-990
2047,-1071,-975
2046,-1081,-965
2047,-1078,-968
2046,-1088,-958
2045,-1101,-944
2045,-1108,-936
2045,-1111,-934
2044,-1125,-919
2044,-1131,-912
2043,-1138,-904
2042,-1150,-891
2042,-1154,-887
2041,-1161,-880
2040,-1168,-872
2039,-1177,-862
2038,-1190,-847
2037,-1197,-840
2036,-1209,-827
2034,-1219,-815
2033,-1226,-807
2032,-1235,-797
2031,-1241,-789
2030,-1248,-782
2029,-1254,-774
2025,-1276,-748
2024,-1282,-741
2022,-1291,-730
2019,-1304,-715
2018,-1310,-707
2014,-1325,-689
2013,-1331,-681
2011,-1337,-674
2006,-1358,-648
2004,-1364,-640
1999,-1384,-614
1997,-1390,-606
1989,-1416,-572
1982,-1436,-545
1980,-1442,-537
1970,-1467,-503
1960,-1492,-468
1952,-1511,-441
1938,-1540,-398
1927,-1563,-363
1901,-1608,-292
1874,-1652,-221
1828,-1713,-115
1795,-1751,-43
1759,-1787,27
1740,-1804,63
1721,-1821,99
1682,-1852,170
1661,-1867,206
1640,-1882,241
1618,-1895,277
1596,-1909,312
1579,-1918,339
1573,-1921,347
1550,-1933,383
1532,-1942,410
1527,-1945,418
1503,-1956,453
1489,-1961,472
1478,-1966,487
1465,-1971,506
1453,-1976,522
1439,-1981,541
1428,-1985,557
1414,-1989,575
1402,-1993,591
1394,-1996,602
1388,-1998,609
1376,-2001,625
1361,-2005,643
1355,-2007,651
1349,-2008,659
1334,-2012,677
1328,-2014,685
1322,-2015,693
1307,-2018,711
1294,-2021,726
1292,-2022,729
1279,-2024,744
1273,-2025,752
1266,-2026,760
1258,-2028,770
1251,-2029,778
1238,-2031,793
1229,-2033,803
1220,-2034,813
1216,-2035,818
1210,-2035,825
1200,-2037,836
1194,-2037,843
1187,-2038,851
1180,-2039,858
1171,-2040,868
1165,-2041,876
1158,-2041,883
1151,-2042,890
1142,-2043,901
1135,-2043,908
1123,-2044,921
1121,-2044,922
1112,-2045,932
1102,-2045,943
1105,-2045,940
1098,-2046,947
1091,-2046,954
1082,-2046,964
1075,-2047,971
1068,-2047,979
1058,-2047,988
1061,-2047,986
1036,-2047,1011
1044,-2047,1003
1037,-2047,1010
1030,-2047,1017
1015,-2047,1032
1020,-2047,1027
1013,-2047,1034
1006,-2047,1041
999,-2047,1048
986,-2047,1060
989,-2047,1057
982,-2047,1064
975,-2047,1071
968,-2047,1078
958,-2046,1088
951,-2046,1095
941,-2045,1104
943,-2045,1102
936,-2045,1108
926,-2044,1118
916,-2044,1127
919,-2044,1125
911,-2044,1132
904,-2043,1138
894,-2042,1148
881,-2041,1160
887,-2042,1154
879,-2041,1161
872,-2040,1168
862,-2039,1177
851,-2038,1186
854,-2039,1184
847,-2038,1190
839,-2037,1197
829,-2036,1206
816,-2034,1218
822,-2035,1213
814,-2034,1219
807,-2033,1226
796,-2032,1235
789,-2031,1241
778,-2029,1250
781,-2030,1248
774,-2029,1254
763,-2027,1263
756,-2026,1270
748,-2025,1276
741,-2023,1282
730,-2022,1291
727,-2021,1294
722,-2020,1298
715,-2019,1304
707,-2018,1310
696,-2016,1319
689,-2014,1325
0,0,0
681,-2013,1331
673,-2011,1337
655,-2008,1352
652,-2007,1354
640,-2004,1364
637,-2004,1367
629,-2002,1373
621,-2000,1379
613,-1998,1385
606,-1997,1391
595,-1994,1399
579,-1990,1411
571,-1988,1417
560,-1986,1425
553,-1984,1431
545,-1982,1436
537,-1980,1442
526,-1977,1450
510,-1972,1462
502,-1970,1467
483,-1965,1481
476,-1963,1487
468,-1960,1492
449,-1955,1505
441,-1952,1511
433,-1950,1516
414,-1944,1529
398,-1938,1540
379,-1932,1553
363,-1927,1563
343,-1920,1576
327,-1914,1586
308,-1907,1599
292,-1901,1609
273,-1894,1621
257,-1888,1631
221,-1873,1652
194,-1862,1668
186,-1859,1673
150,-1844,1693
114,-1828,1713
78,-1811,1732
43,-1794,1751
7,-1777,1769
-28,-1759,1787
-63,-1740,1804
-99,-1721,1821
-135,-1702,1837
-171,-1681,1852
-198,-1666,1864
-206,-1661,1867
-242,-1640,1882
-269,-1623,1892
-277,-1618,1896
-313,-1596,1909
-340,-1578,1919
-348,-1573,1921
-375,-1555,1931
-383,-1550,1933
-402,-1537,1940
-418,-1526,1945
-437,-1513,1951
-453,-1502,1956
-464,-1495,1959
-480,-1483,1964
-488,-1478,1966
-499,-1470,1969
-515,-1459,1974
-522,-1453,1976
-541,-1439,1981
-557,-1427,1985
-568,-1419,1988
-576,-1413,1990
-583,-1408,1991
-591,-1402,1993
-610,-1387,1998
-618,-1381,1999
-625,-1375,2001
-636,-1367,2004
-644,-1361,2005
-659,-1349,2008
-670,-1340,2011
-678,-1334,2012
-685,-1328,2014
-693,-1322,2015
-704,-1313,2017
-711,-1307,2018
-727,-1294,2021
-729,-1292,2022
-745,-1279,2024
-748,-1276,2025
-760,-1266,2027
-763,-1264,2027
-778,-1251,2029
-785,-1244,2030
-793,-1238,2031
-799,-1233,2032
-803,-1229,2033
-811,-1222,2034
-826,-1209,2035
-829,-1207,2036
-836,-1200,2037
-851,-1187,2038
-854,-1184,2039
-858,-1180,2039
-869,-1171,2040
-876,-1164,2041
-891,-1151,2042
-894,-1148,2042
-901,-1141,2043
-908,-1135,2043
-915,-1128,2044
-923,-1121,2044
-933,-1112,2045
-936,-1109,2045
-947,-1098,2046
-954,-1091,2046
-957,-1088,2046
-964,-1081,2046
-972,-1074,2047
-979,-1068,2047
-986,-1061,2047
-989,-1058,2047
-1003,-1044,2047
-1010,-1037,2047
-1013,-1034,2047
-1017,-1030,2047
-1027,-1020,2047
-1034,-1013,2047
-1041,-1006,2047
-1048,-999,2047
-1053,-993,2047
-1065,-982,2047
-1072,-975,2047
-1079,-967,2046
-1081,-965,2046
-1088,-957,2046
-1102,-943,2045
-1109,-936,2045
-1111,-933,2045
-1125,-918,2044
-1128,-916,2044
-1132,-911,2044
-1139,-904,2043
-1148,-894,2042
-1155,-886,2042
-1168,-872,2040
-1171,-869,2040
-1184,-854,2039
-1187,-851,2038
-1197,-839,2037
-1200,-836,2037
-1213,-821,2035
-1220,-814,2034
-1226,-806,2033
-1235,-796,2032
-1242,-789,2031
-1255,-773,2029
-1257,-771,2028
-1270,-755,2026
-1276,-748,2025
-1283,-740,2023
-1298,-722,2020
-1304,-714,2019
-1310,-707,2018
-1325,-689,2014
-1331,-681,2013
-1338,-673,2011
-1352,-655,2008
-1364,-639,2004
-1379,-621,2000
-1385,-613,1998
-1391,-605,1997
-1411,-579,1990
-1417,-571,1988
-1437,-544,1982
-1443,-537,1980
-1462,-510,1972
-1468,-502,1970
-1492,-467,1960
-1517,-432,1949
-1535,-405,1941
-1540,-397,1938
-1564,-362,1926
-1587,-327,1914
-1609,-292,1901
-1652,-221,1873
-1673,-185,1859
-1713,-114,1828
-1751,-42,1794
-1770,-7,1777
-1787,28,1759
-1804,64,1740
-1821,100,1721
-1837,135,1701
-1853,171,1681
-1868,206,1661
-1882,242,1639
-1896,277,1618
-1906,305,1601
-1909,313,1596
-1919,340,1578
-1922,348,1573
-1931,375,1555
-1934,383,1550
-1945,418,1526
-1949,429,1519
-1953,445,1508
-1956,453,1502
-1962,472,1489
-1966,488,1478
-1969,499,1470
-1974,515,1458
-1976,523,1453
-1981,541,1439
-1985,557,1427
-1986,560,1425
-1990,576,1413
-1992,584,1407
-1993,592,1401
-1998,610,1387
-2000,618,1381
-2001,626,1375
-2005,644,1361
-2007,652,1355
-2009,660,1348
-2011,670,1340
-2014,686,1328
-2015,693,1321
-2017,704,1313
-2019,712,1306
-2020,719,1300
-2021,727,1294
-2023,737,1285
-2024,745,1279
-2025,753,1272
-2027,760,1266
-2028,771,1257
-2030,786,1244
-2031,793,1238
-2032,796,1235
-2034,811,1222
-2034,814,1220
-2035,819,1216
-2036,826,1209
-2037,836,1200
-2038,851,1187
-2039,854,1184
-2039,859,1180
-2040,869,1171
-2041,876,1164
-2041,884,1157
-2042,891,1151
-2043,901,1141
-2043,908,1134
-2044,916,1128
-2044,923,1121
-2045,933,1111
-2045,936,1109
-2046,948,1098
-2046,950,1095
-2046,955,1091
-2046,965,1081
-2047,972,1074
-2047,979,1067
-2047,986,1060
-2047,996,1051
-2047,1003,1044
-2047,1006,1041
-2047,1010,1037
-2047,1017,1030
-2047,1027,1020
-2047,1034,1013
-2047,1041,1006
-2047,1044,1003
-2047,1048,999
-2047,1065,981
-2047,1070,976
-2047,1072,974
-2046,1079,967
-2046,1088,957
-2046,1095,950
-2045,1102,943
-2045,1109,935
-2044,1121,923
-2044,1125,918
-2044,1132,911
-2043,1139,904
-2042,1148,893
-2042,1155,886
-2041,1162,879
-2040,1168,871
-2039,1178,861
-2039,1184,854
-2038,1191,846
-2037,1198,839
-2036,1207,829
-2034,1220,814
-2033,1229,803
-2033,1226,806
-2031,1242,788
-2030,1248,781
-2029,1255,773
-2027,1264,763
-2025,1277,748
-2023,1283,740
-2022,1292,729
-2019,1304,714
-2018,1311,706
-2014,1325,688
-2013,1332,681
-2011,1338,673
-2007,1353,654
-2004,1365,639
-2000,1379,620
-1998,1385,613
-1997,1391,605
-1990,1411,578
-1988,1417,571
-1982,1437,544
-1979,1443,536
-1972,1462,510
-1970,1468,502
-1960,1493,467
-1952,1511,440
-1949,1517,432
-1938,1541,397
-1926,1564,362
-1914,1587,327
-1901,1609,291
-1887,1631,256
-1873,1652,220
-1859,1673,185
-1827,1713,114
-1811,1733,78
-1794,1751,42
-1777,1770,6
-1758,1787,-28
-1744,1801,-56
-1740,1805,-64
-1721,1821,-100
-1706,1834,-127
-1701,1837,-136
-1686,1849,-163
-1681,1853,-171
-1660,1868,-207
-1649,1876,-226
-1639,1882,-242
-1627,1890,-262
-1618,1896,-278
-1611,1900,-289
-1600,1906,-305
-1595,1909,-313
-1583,1916,-332
-1573,1922,-348
-1565,1926,-360
-1560,1928,-368
-1550,1934,-384
-1542,1937,-395
-1537,1940,-403
-1526,1945,-419
-1518,1949,-430
-1513,1951,-438
-1507,1954,-446
-1502,1956,-454
-1489,1962,-473
-1483,1964,-480
-1477,1966,-488
-1464,1972,-507
-1462,1972,-510
-1458,1974,-515
-1452,1976,-523
-1439,1981,-542
-1436,1982,-545
-1427,1985,-558
-1419,1988,-568
-1413,1990,-576
-1407,1992,-584
-1401,1993,-592
-1393,1996,-603
-1387,1998,-610
-1381,2000,-618
-1373,2002,-629
-1375,2001,-626
-1360,2005,-644
-1354,2007,-652
-1348,2009,-660
-1340,2011,-671
-1333,2012,-678
-1327,2014,-686
-1325,2014,-689
-1321,2015,-694
-1312,2017,-704
-1306,2019,-712
-1300,2020,-720
-1294,2021,-727
-1289,2022,-733
-1285,2023,-738
-1278,2024,-745
-1272,2025,-753
-1266,2027,-760
-1257,2028,-771
-1250,2029,-778
-1244,2030,-786
-1237,2031,-794
-1235,2032,-796
-1228,2033,-804
-1215,2035,-819
-1214,2035,-820
-1209,2036,-826
-1204,2036,-832
-1200,2037,-837
-1186,2038,-852
-1184,2039,-854
-1180,2039,-859
-1170,2040,-869
-1164,2041,-877
-1157,2041,-884
-1150,2042,-891
-1148,2042,-894
-1141,2043,-901
-1134,2043,-909
-1127,2044,-916
-1121,2044,-923
-1118,2045,-926
-1104,2045,-941
-1102,2045,-943
-1097,2046,-948
-1090,2046,-955
-1081,2046,-965
-1074,2047,-972
-1067,2047,-979
-1060,2047,-987
-1050,2047,-996
-1041,2047,-1006
-1036,2047,-1011
-1034,2047,-1013
-1029,2047,-1018
-1019,2047,-1028
-1012,2047,-1035
-1005,2047,-1042
-998,2047,-1049
-988,2047,-1058
-981,2047,-1065
-974,2047,-1072
-967,2046,-1079
-950,2046,-1096
-947,2046,-1098
-942,2045,-1102
-935,2045,-1109
-918,2044,-1126
-911,2043,-1132
-903,2043,-1139
-893,2042,-1149
-886,2042,-1155
-871,2040,-1169
-861,2039,-1178
-846,2038,-1191
-839,2037,-1198
-828,2036,-1207
-813,2034,-1220
-806,2033,-1227
-788,2031,-1242
-780,2030,-1249
-773,2028,-1255
-747,2025,-1277
-740,2023,-1283
-706,2018,-1311
-688,2014,-1326
-673,2011,-1338
-646,2006,-1359
-639,2004,-1365
-605,1996,-1391
-570,1988,-1417
-501,1970,-1468
-432,1949,-1517
-220,1873,-1653
-113,1827,-1714
-42,1794,-1752
-6,1776,-1770
29,1758,-1788
64,1740,-1805
100,1721,-1821
136,1701,-1837
172,1681,-1853
199,1665,-1864
207,1660,-1868
243,1639,-1882
270,1622,-1893
278,1617,-1896
305,1600,-1906
314,1595,-1909
341,1578,-1919
349,1572,-1922
376,1555,-1931
384,1549,-1934
411,1531,-1943
419,1526,-1945
438,1513,-1951
446,1507,-1954
454,1502,-1956
481,1483,-1964
489,1477,-1966
500,1469,-1970
515,1458,-1974
523,1452,-1976
534,1444,-1979
550,1433,-1983
558,1427,-1985
569,1419,-1988
584,1407,-1992
592,1401,-1994
603,1393,-1996
619,1381,-2000
626,1375,-2001
637,1366,-2004
645,1360,-2005
653,1354,-2007
660,1348,-2009
671,1339,-2011
686,1327,-2014
694,1321,-2015
700,1316,-2016
705,1312,-2017
720,1300,-2020
727,1293,-2021
738,1285,-2023
746,1278,-2024
753,1272,-2025
761,1265,-2027
771,1256,-2028
779,1250,-2029
786,1244,-2030
794,1237,-2031
804,1228,-2033
812,1222,-2034
819,1215,-2035
827,1208,-2036
832,1203,-2036
837,1199,-2037
852,1186,-2038
859,1179,-2039
862,1177,-2039
870,1170,-2040
877,1163,-2041
884,1157,-2041
892,1150,-2042
897,1145,-2043
909,1134,-2043
916,1127,-2044
924,1120,-2044
934,1111,-2045
941,1104,-2045
948,1097,-2046
951,1094,-2046
955,1090,-2046
965,1081,-2046
973,1074,-2047
980,1067,-2047
987,1060,-2047
990,1057,-2047
997,1050,-2047
1004,1043,-2047
1011,1036,-2047
1018,1029,-2047
1021,1026,-2047
1035,1012,-2047
1042,1005,-2047
1045,1002,-2047
1049,998,-2047
1059,988,-2047
1066,981,-2047
1072,974,-2047
1079,967,-2046
1082,964,-2046
1089,957,-2046
1096,949,-2046
1103,942,-2045
1110,935,-2045
1115,929,-2045
1126,918,-2044
1133,910,-2043
1139,903,-2043
1142,900,-2043
1156,885,-2042
1162,878,-2041
1165,875,-2041
1169,871,-2040
1178,860,-2039
1185,853,-2039
1192,846,-2038
1198,838,-2037
1203,832,-2036
1207,828,-2036
1220,813,-2034
1227,806,-2033
1230,803,-2033
1243,788,-2031
1249,780,-2030
1255,773,-2028
1258,770,-2028
1271,754,-2026
1277,747,-2024
1283,739,-2023
1292,729,-2021
1299,721,-2020
1305,713,-2019
1311,706,-2017
1320,695,-2016
1332,680,-2013
1338,672,-2011
1347,661,-2009
1359,646,-2006
1365,638,-2004
1374,628,-2002
1380,620,-2000
1392,604,-1996
1400,593,-1994
1412,578,-1990
1418,570,-1988
1432,551,-1983
1443,536,-1979
1445,533,-1979
1463,509,-1972
1468,501,-1970
1487,474,-1962
1493,466,-1960
1506,447,-1954
1517,431,-1949
1536,404,-1941
1541,396,-1938
1564,361,-1926
1582,334,-1917
1587,326,-1914
1610,291,-1901
1631,255,-1887
1648,228,-1876
1674,184,-1858
1694,149,-1843
1714,113,-1827
1733,77,-1811
1752,41,-1794
1770,6,-1776
1788,-29,-1758
1805,-65,-1740
1821,-101,-1720
1838,-136,-1701
1853,-172,-1681
1865,-199,-1665
1868,-207,-1660
1882,-243,-1639
1893,-270,-1622
1896,-278,-1617
1906,-306,-1600
1909,-314,-1595
1919,-341,-1577
1922,-349,-1572
1934,-384,-1549
1940,-403,-1536
1943,-411,-1531
1945,-419,-1526
1954,-446,-1507
1956,-454,-1501
1962,-473,-1488
1966,-489,-1477
1970,-500,-1469
1972,-508,-1463
1976,-524,-1452
1979,-535,-1444
1983,-550,-1432
1985,-558,-1427
1988,-569,-1418
1992,-585,-1407
1994,-592,-1401
1996,-603,-1392
1998,-611,-1386
2001,-627,-1374
2004,-637,-1366
2005,-645,-1360
2009,-661,-1348
2009,-664,-1345
2012,-679,-1333
2014,-687,-1327
2015,-694,-1321
2017,-705,-1312
2019,-713,-1306
2020,-720,-1299
2021,-728,-1293
2023,-738,-1284
2026,-754,-1272
2027,-761,-1265
2028,-767,-1260
2028,-772,-1256
2029,-779,-1250
2031,-794,-1237
2032,-797,-1234
2034,-812,-1221
2035,-820,-1215
2036,-827,-1208
2036,-833,-1203
2038,-845,-1192
2038,-852,-1186
2039,-860,-1179
2039,-862,-1177
2040,-870,-1170
2041,-885,-1156
2042,-892,-1150
2043,-898,-1144
2043,-902,-1140
2043,-909,-1134
2044,-917,-1127
2044,-924,-1120
2045,-934,-1110
2045,-941,-1104
2046,-948,-1097
2046,-956,-1090
2046,-966,-1080
2047,-976,-1071
2047,-973,-1073
2047,-980,-1066
2047,-987,-1059
2047,-997,-1050
2047,-1004,-1043
2047,-1011,-1036
2047,-1018,-1029
2047,-1028,-1019
2047,-1038,-1009
2047,-1035,-1012
2047,-1042,-1005
2047,-1049,-998
2047,-1059,-988
2047,-1073,-973
2046,-1080,-966
2046,-1085,-961
2046,-1089,-956
2045,-1103,-942
2045,-1113,-932
2045,-1110,-935
2044,-1119,-925
2043,-1133,-910
2043,-1140,-903
2043,-1142,-900
2042,-1149,-892
2041,-1163,-878
2040,-1169,-870
2039,-1181,-857
2038,-1192,-845
2037,-1194,-842
2037,-1198,-838
2036,-1208,-828
2034,-1221,-813
2033,-1227,-805
2032,-1236,-795
2029,-1249,-780
2028,-1256,-772
2027,-1265,-762
2024,-1277,-747
2023,-1284,-739
2021,-1293,-728
2017,-1311,-706
2015,-1320,-695
2013,-1332,-680
2011,-1339,-672
2006,-1359,-646
2004,-1365,-638
1998,-1386,-612
1996,-1392,-604
1990,-1412,-578
1988,-1418,-570
1979,-1443,-535
1972,-1463,-509
1970,-1469,-501
1960,-1493,-466
1949,-1518,-431
1926,-1565,-361
1901,-1610,-290
1873,-1653,-219
1827,-1714,-113
1776,-1770,-5
1758,-1788,29
1720,-1822,101
1701,-1838,137
1680,-1853,172
1660,-1868,208
1639,-1882,243
1617,-1896,279
1595,-1909,314
1572,-1922,349
1554,-1931,377
1549,-1934,385
1525,-1945,420
1507,-1954,447
1501,-1956,455
1482,-1964,481
1477,-1967,489
1457,-1974,516
1452,-1976,524
1432,-1983,551
1426,-1985,558
1406,-1992,585
1400,-1994,593
1386,-1998,611
1380,-2000,619
1374,-2002,627
1354,-2007,653
1345,-2009,664
1347,-2009,661
1327,-2014,687
1324,-2015,690
1320,-2015,695
1305,-2019,713
1299,-2020,720
1293,-2021,728
1278,-2024,746
1271,-2026,754
1265,-2027,761
1256,-2028,772
1243,-2031,787
1237,-2032,794
1228,-2033,805
1221,-2034,812
1214,-2035,820
1208,-2036,827
1199,-2037,838
1192,-2038,845
1185,-2038,852
1179,-2039,860
1170,-2040,870
1160,-2041,880
1156,-2042,885
1149,-2042,892
1140,-2043,902
1133,-2043,910
1126,-2044,917
1117,-2045,927
1120,-2044,924
1108,-2045,937
1103,-2045,942
1096,-2046,949
1090,-2046,956
1080,-2046,966
1073,-2047,973
1063,-2047,983
1066,-2047,980
1059,-2047,987
1049,-2047,997
1042,-2047,1004
1035,-2047,1012
1026,-2047,1021
1028,-2047,1019
1019,-2047,1028
1012,-2047,1035
1004,-2047,1042
995,-2047,1052
997,-2047,1049
987,-2047,1059
980,-2047,1066
973,-2047,1073
966,-2046,1080
956,-2046,1090
940,-2045,1104
949,-2046,1096
942,-2045,1103
931,-2045,1113
934,-2045,1110
917,-2044,1126
911,-2044,1132
910,-2043,1133
902,-2043,1140
892,-2042,1149
889,-2042,1152
885,-2041,1156
875,-2041,1165
877,-2041,1163
870,-2040,1170
860,-2039,1179
852,-2038,1185
845,-2038,1192
835,-2037,1201
838,-2037,1199
827,-2036,1208
820,-2035,1214
812,-2034,1221
802,-2033,1230
805,-2033,1228
794,-2032,1237
787,-2031,1243
779,-2029,1250
769,-2028,1258
772,-2028,1256
761,-2027,1265
754,-2026,1271
746,-2024,1278
736,-2023,1286
739,-2023,1284
720,-2020,1299
718,-2020,1302
713,-2019,1305
705,-2017,1312
695,-2015,1320
687,-2014,1327
679,-2012,1333
669,-2010,1341
672,-2011,1339
653,-2007,1354
647,-2006,1358
645,-2006,1360
638,-2004,1366
627,-2002,1374
619,-2000,1380
611,-1998,1386
604,-1996,1392
593,-1994,1400
585,-1992,1406
577,-1990,1412
569,-1988,1418
551,-1983,1432
540,-1980,1440
535,-1979,1444
524,-1976,1452
516,-1974,1457
508,-1972,1463
500,-1970,1469
481,-1964,1482
474,-1962,1488
466,-1960,1494
447,-1954,1507
431,-1949,1518
420,-1945,1525
412,-1943,1531
396,-1938,1542
385,-1934,1549
361,-1926,1565
349,-1922,1572
333,-1916,1582
325,-1913,1588
306,-1906,1600
290,-1900,1610
255,-1887,1632
235,-1879,1643
219,-1873,1653
192,-1861,1669
183,-1858,1674
148,-1843,1694
112,-1827,1714
76,-1810,1733
49,-1797,1748
5,-1776,1770
13,-1780,1766
-30,-1758,1788
-66,-1739,1805
-101,-1720,1822
-137,-1700,1838
-173,-1680,1853
-200,-1664,1865
-208,-1660,1868
-244,-1638,1883
-263,-1627,1890
-279,-1617,1896
-306,-1600,1907
-315,-1595,1910
-350,-1572,1922
-361,-1565,1926
-377,-1554,1931
-385,-1549,1934
-412,-1530,1943
-420,-1525,1946
-439,-1512,1952
-455,-1501,1956
-466,-1493,1960
-482,-1482,1964
-490,-1476,1967
-509,-1463,1972
-516,-1457,1974
-524,-1451,1976
-543,-1438,1981
-551,-1432,1983
-559,-1426,1985
-578,-1412,1990
-593,-1400,1994
-596,-1398,1995
-612,-1386,1998
-619,-1380,2000
-627,-1374,2002
-638,-1365,2004
-653,-1353,2007
-661,-1347,2009
-672,-1339,2011
-680,-1332,2013
-687,-1326,2014
-695,-1320,2015
-706,-1311,2017
-721,-1299,2020
-728,-1293,2021
-731,-1290,2022
-747,-1277,2024
-754,-1271,2026
-762,-1265,2027
-765,-1262,2027
-772,-1256,2028
-787,-1243,2031
-795,-1236,2032
-798,-1234,2032
-805,-1227,2033
-820,-1214,2035
-828,-1208,2036
-831,-1205,2036
-838,-1198,2037
-845,-1192,2038
-860,-1179,2039
-863,-1176,2040
-870,-1169,2040
-885,-1156,2042
-892,-1149,2042
-895,-1147,2042
-903,-1140,2043
-910,-1133,2043
-917,-1126,2044
-925,-1119,2044
-935,-1110,2045
-942,-1103,2045
-949,-1096,2046
-956,-1089,2046
-966,-1080,2046
-973,-1073,2047
-972,-1074,2047
-988,-1059,2047
-991,-1056,2047
-998,-1049,2047
-1005,-1042,2047
-1012,-1035,2047
-1019,-1028,2047
-1029,-1018,2047
-1031,-1016,2047
-1043,-1004,2047
-1050,-997,2047
-1059,-987,2047
-1066,-980,2047
-1069,-977,2047
-1080,-966,2046
-1083,-963,2046
-1090,-956,2046
-1104,-941,2045
-1106,-938,2045
-1110,-934,2045
-1116,-928,2045
-1127,-917,2044
-1134,-909,2043
-1140,-902,2043
-1150,-892,2042
-1156,-885,2041
-1163,-877,2041
-1170,-870,2040
-1186,-852,2038
-1192,-845,2038
-1199,-837,2037
-1208,-827,2036
-1215,-820,2035
-1221,-812,2034
-1228,-805,2033
-1237,-794,2031
-1250,-779,2029
-1256,-772,2028
-1265,-761,2027
-1272,-754,2026
-1284,-738,2023
-1293,-728,2021
-1306,-713,2019
-1312,-705,2017
-1321,-694,2015
-1333,-679,2012
-1339,-671,2011
-1354,-653,2007
-1366,-637,2004
-1374,-627,2001
-1386,-611,1998
-1392,-603,1996
-1407,-585,1992
-1418,-569,1988
-1438,-542,1981
-1444,-535,1979
-1463,-508,1972
-1469,-500,1970
-1494,-465,1960
-1512,-438,1951
-1518,-430,1949
-1542,-395,1938
-1565,-360,1926
-1588,-325,1913
-1610,-290,1900
-1632,-254,1887
-1674,-183,1858
-1694,-148,1842
-1714,-112,1827
-1752,-40,1793
-1771,-5,1776
-1788,30,1758
-1822,102,1720
-1838,137,1700
-1850,165,1685
-1865,200,1664
-1876,228,1648
-1879,236,1643
-1893,271,1621
-1907,307,1599
-1911,318,1592
-1919,342,1577
-1929,369,1559
-1932,377,1554
-1941,404,1536
-1943,412,1530
-1949,431,1517
-1954,447,1506
-1960,466,1493
-1964,482,1482
-1968,493,1474
-1970,501,1468
-1974,517,1457
-1979,536,1443
-1981,543,1437
-1983,551,1432
-1988,570,1418
-1992,586,1406
-1993,589,1404
-1996,604,1392
-2000,620,1380
-2001,623,1377
-2004,638,1365
-2006,646,1359
-2007,654,1353
-2010,664,1345
-2013,680,1332
-2014,688,1326
-2016,698,1317
-2017,706,1311
-2019,714,1305
-2020,721,1299
-2023,739,1283
-2024,747,1277
-2026,754,1271
-2027,765,1262
-2028,773,1255
-2030,780,1249
-2031,788,1242
-2032,798,1233
-2033,806,1227
-2034,813,1220
-2035,820,1214
-2036,831,1205
-2037,838,1198
-2038,846,1192
-2039,853,1185
-2040,863,1176
-2040,871,1169
-2041,878,1162
-2042,885,1156
-2042,896,1146
-2043,903,1139
-2043,910,1133
-2044,918,1126
-2045,928,1116
-2045,935,1110
-2045,942,1103
-2046,949,1096
-2046,955,1091
-2046,967,1079
-2047,974,1072
-2047,977,1070
-2047,981,1066
-2047,994,1053
-2047,1005,1042
-2047,1008,1039
-2047,1015,1032
-2047,1012,1035
-2047,1025,1022
-2047,1029,1018
-2047,1036,1011
-2047,1043,1004
-2047,1062,984
-2047,1060,987
-2047,1067,980
-2047,1074,973
-2046,1083,963
-2046,1090,955
-2046,1097,948
-2045,1104,941
-2044,1123,921
-2044,1120,924
-2044,1127,916
-2043,1134,909
-2042,1146,896
-2041,1157,884
-2041,1166,874
-2041,1163,877
-2039,1182,856
-2038,1186,852
-2038,1193,844
-2036,1202,834
-2036,1208,827
-2035,1215,819
-2034,1222,812
-2031,1237,794
-2030,1244,786
-2029,1250,779
-2026,1268,758
-2025,1272,753
-2024,1278,746
-2021,1293,727
-2020,1300,720
-2019,1306,712
-2015,1321,694
-2014,1327,686
-2012,1333,679
-2009,1348,660
-2005,1360,645
-2001,1375,626
-2000,1381,619
-1998,1387,611
-1992,1407,584
-1990,1413,577
-1983,1433,550
-1981,1438,542
-1974,1458,515
-1972,1464,508
-1962,1488,473
-1951,1513,438
-1943,1531,411
-1940,1537,403
-1928,1560,368
-1916,1583,333
-1903,1605,297
-1890,1627,262
-1876,1649,226
-1861,1670,191
-1846,1690,155
-1830,1710,120
-1814,1729,84
-1797,1748,48
-1780,1767,12
-1766,1780,-14
-1762,1784,-22
-1743,1802,-58
-1724,1818,-94
-1714,1827,-113
-1705,1835,-129
-1689,1847,-157
-1684,1850,-165
-1669,1862,-193
-1664,1865,-201
-1648,1876,-228
-1643,1880,-236
-1626,1890,-264
-1621,1894,-272
-1609,1901,-291
-1604,1904,-299
-1599,1907,-307
-1582,1917,-334
-1577,1920,-342
-1564,1926,-362
-1559,1929,-370
-1554,1932,-378
-1546,1935,-389
-1535,1941,-405
-1530,1943,-413
-1517,1949,-432
-1512,1952,-440
-1506,1954,-448
-1504,1955,-451
-1493,1960,-467
-1487,1962,-475
-1482,1965,-482
-1474,1968,-493
-1462,1972,-509
-1457,1974,-517
-1449,1977,-528
-1443,1979,-536
-1437,1981,-544
-1431,1984,-552
-1423,1986,-563
-1417,1988,-570
-1412,1990,-578
-1406,1992,-586
-1397,1995,-597
-1391,1996,-605
-1385,1998,-612
-1379,2000,-620
-1371,2002,-631
-1365,2004,-639
-1359,2006,-646
-1353,2007,-654
-1348,2009,-660
-1338,2011,-673
-1332,2013,-680
-1326,2014,-688
-1317,2016,-699
-1311,2018,-706
-1308,2018,-709
-1305,2019,-714
-1298,2020,-721
-1290,2022,-732
-1283,2023,-740
-1277,2025,-747
-1270,2026,-755
-1268,2026,-758
-1262,2027,-765
-1255,2028,-773
-1249,2030,-780
-1242,2031,-788
-1233,2032,-798
-1227,2033,-806
-1220,2034,-813
-1214,2035,-821
-1211,2035,-824
-1204,2036,-831
-1198,2037,-839
-1191,2038,-846
-1185,2039,-853
-1179,2039,-859
-1169,2040,-871
-1166,2041,-874
-1155,2042,-886
-1153,2042,-889
-1146,2042,-896
-1139,2043,-903
-1132,2043,-911
-1126,2044,-918
-1123,2044,-921
-1116,2045,-928
-1102,2045,-942
-1096,2046,-950
-1093,2046,-952
-1086,2046,-960
-1079,2046,-967
-1072,2047,-974
-1065,2047,-981
-1056,2047,-991
-1049,2047,-998
-1042,2047,-1005
-1035,2047,-1012
-1032,2047,-1015
-1025,2047,-1022
-1018,2047,-1029
-1011,2047,-1036
-1004,2047,-1043
-987,2047,-1060
-984,2047,-1063
-972,2047,-1074
-969,2047,-1077
-955,2046,-1090
-948,2046,-1097
-941,2045,-1104
-938,2045,-1107
-923,2044,-1121
-909,2043,-1134
-899,2043,-1144
-891,2042,-1150
-884,2041,-1157
-877,2041,-1164
-866,2040,-1173
-852,2038,-1186
-844,2038,-1193
-826,2036,-1209
-811,2034,-1222
-801,2032,-1231
-786,2030,-1244
-778,2029,-1250
-760,2027,-1266
-745,2024,-1278
-727,2021,-1294
-712,2019,-1306
-686,2014,-1327
-678,2012,-1333
-644,2005,-1360
-610,1998,-1387
-576,1990,-1413
-542,1981,-1439
-507,1972,-1464
-438,1951,-1513
-332,1916,-1583
-191,1861,-1670
-119,1830,-1710
-48,1797,-1748
-12,1779,-1767
23,1761,-1785
58,1743,-1802
94,1724,-1819
130,1704,-1835
165,1684,-1850
193,1668,-1862
201,1664,-1865
237,1643,-1880
264,1626,-1891
272,1621,-1894
299,1604,-1904
307,1599,-1907
335,1582,-1917
343,1576,-1920
370,1559,-1929
378,1553,-1932
405,1535,-1941
413,1530,-1943
440,1511,-1952
448,1506,-1954
459,1498,-1958
475,1487,-1962
483,1481,-1965
502,1468,-1970
510,1462,-1972
517,1456,-1974
536,1443,-1980
552,1431,-1984
563,1423,-1986
578,1411,-1990
586,1405,-1992
597,1397,-1995
605,1391,-1997
613,1385,-1998
620,1379,-2000
639,1365,-2004
647,1359,-2006
654,1353,-2007
673,1338,-2011
681,1332,-2013
688,1325,-2014
691,1323,-2015
706,1311,-2018
714,1304,-2019
722,1298,-2020
732,1289,-2022
740,1283,-2023
748,1277,-2025
755,1270,-2026
766,1261,-2027
773,1255,-2029
788,1242,-2031
791,1239,-2031
799,1233,-2032
814,1220,-2034
821,1213,-2035
824,1211,-2035
831,1204,-2036
839,1198,-2037
846,1191,-2038
854,1184,-2039
864,1175,-2040
879,1162,-2041
874,1166,-2041
886,1155,-2042
896,1146,-2042
904,1139,-2043
911,1132,-2044
918,1125,-2044
921,1123,-2044
928,1116,-2045
936,1109,-2045
950,1095,-2046
953,1093,-2046
960,1086,-2046
967,1079,-2046
974,1072,-2047
981,1065,-2047
984,1062,-2047
999,1048,-2047
997,1050,-2047
1006,1041,-2047
1013,1034,-2047
1023,1024,-2047
1030,1017,-2047
1037,1010,-2047
1044,1003,-2047
1046,1000,-2047
1053,993,-2047
1060,986,-2047
1067,979,-2047
1074,972,-2047
1084,962,-2046
1091,955,-2046
1098,948,-2046
1104,940,-2045
1107,938,-2045
1114,930,-2045
1128,916,-2044
1134,908,-2043
1137,906,-2043
1144,898,-2043
1151,891,-2042
1157,884,-2041
1164,876,-2041
1173,866,-2040
1180,859,-2039
1187,851,-2038
1193,844,-2038
1202,833,-2036
1209,826,-2036
1216,819,-2035
1222,811,-2034
1231,801,-2032
1244,786,-2030
1251,778,-2029
1253,775,-2029
1260,768,-2028
1266,760,-2027
1279,745,-2024
1288,734,-2022
1294,727,-2021
1300,719,-2020
1306,712,-2018
1315,701,-2017
1328,686,-2014
1334,678,-2012
1342,667,-2010
1348,660,-2009
1361,644,-2005
1369,633,-2003
1381,618,-2000
1387,610,-1998
1401,591,-1993
1407,584,-1992
1413,576,-1990
1433,549,-1983
1439,541,-1981
1453,523,-1976
1464,507,-1972
1478,488,-1966
1489,472,-1962
1502,453,-1956
1513,437,-1951
1532,410,-1942
1537,402,-1940
1560,367,-1928
1583,332,-1916
1596,313,-1909
1606,297,-1903
1628,261,-1889
1649,226,-1875
1670,190,-1861
1690,155,-1846
1710,119,-1830
1730,83,-1814
1767,12,-1779
1781,-15,-1765
1785,-23,-1761
1802,-59,-1743
1819,-94,-1724
1835,-130,-1704
1850,-166,-1684
1862,-193,-1668
1865,-201,-1664
1880,-237,-1642
1891,-264,-1626
1894,-272,-1621
1907,-308,-1599
1914,-327,-1587
1920,-343,-1576
1926,-362,-1564
1932,-378,-1553
1936,-389,-1546
1941,-405,-1535
1943,-413,-1530
1952,-440,-1511
1954,-448,-1506
1960,-467,-1492
1962,-475,-1487
1965,-483,-1481
1970,-502,-1468
1972,-510,-1462
1975,-518,-1456
1980,-537,-1443
1984,-552,-1431
1986,-563,-1423
1988,-571,-1417
1992,-587,-1405
1995,-597,-1397
1997,-605,-1391
1998,-613,-1385
2000,-621,-1379
2003,-632,-1371
2006,-647,-1358
2008,-655,-1352
2010,-665,-1344
2011,-673,-1338
2013,-681,-1331
2014,-689,-1325
2016,-699,-1317
2019,-714,-1304
2020,-722,-1298
2022,-733,-1289
2023,-740,-1283
2025,-748,-1276
2026,-755,-1270
2027,-766,-1261
2029,-773,-1255
2030,-781,-1248
2031,-789,-1242
2032,-799,-1233
2033,-806,-1226
2034,-814,-1220
2035,-821,-1213
2036,-832,-1204
2037,-839,-1197
2038,-847,-1191
2039,-854,-1184
2040,-864,-1175
2040,-872,-1168
2041,-879,-1161
2042,-886,-1155
2042,-889,-1152
2043,-904,-1139
2043,-907,-1136
2044,-918,-1125
2044,-921,-1122
2045,-929,-1116
2045,-936,-1109
2045,-943,-1102
2046,-950,-1095
2046,-960,-1085
2046,-967,-1079
2047,-975,-1072
2047,-982,-1065
2047,-992,-1055
2047,-994,-1052
2047,-999,-1048
2047,-1006,-1041
2047,-1013,-1034
2047,-1023,-1024
2047,-1030,-1017
2047,-1040,-1007
2047,-1044,-1003
2047,-1054,-993
2047,-1056,-990
2047,-1068,-979
2047,-1077,-969
2047,-1075,-972
2046,-1094,-952
2046,-1091,-954
2045,-1105,-940
2045,-1114,-930
2044,-1124,-920
2044,-1128,-915
2043,-1135,-908
2043,-1144,-898
2042,-1151,-891
2041,-1158,-883
2041,-1164,-876
2040,-1174,-866
2039,-1180,-858
2038,-1194,-844
2036,-1203,-833
2035,-1212,-823
2035,-1216,-818
2034,-1222,-811
2031,-1240,-790
2031,-1238,-793
2029,-1251,-778
2027,-1266,-760
2024,-1279,-745
2024,-1281,-742
2021,-1294,-727
2018,-1307,-711
2017,-1315,-701
2014,-1328,-685
2012,-1334,-678
2008,-1349,-659
2005,-1361,-644
2001,-1375,-625
1998,-1387,-610
1990,-1413,-576
1985,-1428,-557
1981,-1439,-541
1974,-1459,-514
1971,-1464,-507
1961,-1489,-472
1951,-1513,-437
1940,-1537,-402
1916,-1584,-332
1889,-1628,-261
1861,-1670,-190
1813,-1730,-83
1796,-1749,-47
1743,-1802,59
1724,-1819,95
1704,-1835,130
1684,-1851,166
1663,-1866,202
1642,-1880,237
1621,-1894,273
1599,-1907,308
1576,-1920,343
1558,-1929,371
1553,-1932,379
1529,-1944,414
1516,-1950,433
1505,-1955,449
1487,-1963,476
1481,-1965,483
1456,-1975,518
1448,-1978,529
1436,-1982,545
1431,-1984,553
1411,-1990,579
1405,-1992,587
1391,-1997,606
1379,-2000,621
1370,-2003,632
1358,-2006,647
1352,-2008,655
1343,-2010,666
1331,-2013,681
1325,-2014,689
1316,-2016,699
1304,-2019,715
1298,-2020,722
1289,-2022,733
1276,-2025,748
1270,-2026,756
1261,-2028,766
1254,-2029,774
1248,-2030,781
1241,-2031,789
1232,-2032,799
1226,-2033,807
1219,-2034,814
1213,-2035,822
1195,-2037,842
1190,-2038,847
1181,-2039,857
1184,-2039,854
1168,-2040,872
1159,-2041,882
1154,-2042,887
1145,-2042,897
1142,-2043,900
1138,-2043,904
1132,-2044,911
1125,-2044,919
1115,-2045,929
1108,-2045,936
1102,-2045,943
1095,-2046,951
1085,-2046,961
1078,-2047,968
1069,-2047,978
1071,-2047,975
1064,-2047,982
1055,-2047,992
1048,-2047,999
1041,-2047,1006
1034,-2047,1013
1021,-2047,1026
1017,-2047,1030
806,-2033,1226
1010,-2047,1037
1003,-2047,1044
993,-2047,1054
986,-2047,1061
983,-2047,1064
978,-2047,1068
971,-2047,1075
961,-2046,1084
951,-2046,1094
954,-2046,1091
947,-2046,1098
940,-2045,1105
927,-2045,1117
922,-2044,1121
662,-2009,1346
915,-2044,1128
908,-2043,1135
898,-2043,1144
895,-2042,1147
890,-2042,1151
883,-2041,1158
876,-2041,1165
863,-2039,1176
865,-2040,1174
858,-2039,1181
851,-2038,1187
843,-2037,1194
827,-2036,1208
833,-2036,1203
825,-2035,1210
818,-2035,1216
810,-2034,1223
800,-2032,1232
797,-2032,1234
785,-2030,1245
782,-2030,1247
778,-2029,1251
764,-2027,1263
767,-2028,1260
760,-2026,1266
752,-2025,1273
744,-2024,1279
734,-2022,1288
726,-2021,1294
719,-2020,1301
711,-2018,1307
691,-2015,1323
700,-2016,1316
693,-2015,1322
685,-2014,1328
677,-2012,1334
667,-2010,1343
659,-2008,1349
651,-2007,1355
643,-2005,1361
633,-2003,1370
625,-2001,1376
617,-1999,1382
609,-1998,1388
599,-1995,1396
591,-1993,1402
